time, Quad.GPS.X
0.105000,0.929729
0.205000,-0.850943
0.305000,-0.294885
0.404998,0.645242
0.504997,-0.905385
0.604996,-0.284876
0.704994,0.274991
0.804993,0.895015
0.904992,-0.066778
1.004991,-0.078368
1.104996,0.693934
1.205000,-0.048385
1.305005,0.607244
1.405010,-0.699733
1.505014,0.151046
1.605019,0.017967
1.705024,0.292599
1.805028,-0.729715
1.905033,-0.011443
2.005037,0.544440
2.105030,-0.793771
2.205023,-0.124358
2.305015,1.235412
2.405008,-0.554080
2.505001,-0.173456
2.604994,0.654433
2.704986,-0.093908
2.804979,0.320721
2.904972,-0.336543
3.004965,0.796288
3.104957,-0.426387
3.204950,-0.207292
3.304943,-1.281201
3.404936,0.301633
3.504928,-1.102355
3.604921,-0.814949
3.704914,-0.315412
3.804907,0.773343
3.904899,-0.124399
4.004892,-0.277007
4.104885,-0.704521
4.204878,-0.603724
4.304871,0.683921
4.404863,0.324544
4.504856,0.753677
4.604849,-0.654424
4.704842,-0.444931
4.804834,1.084955
4.904827,0.235442
5.004820,0.300630
5.104813,0.433952
5.204805,-0.478209
5.304798,-1.190884
5.404791,1.511651
5.504784,-0.935843
5.604776,0.524282
5.704769,-0.829712
5.804762,0.894794
5.904755,0.965056
6.004747,0.311843
6.104740,-0.537512
6.204733,0.567098
6.304726,0.376550
6.404718,1.460191
6.504711,-1.057274
6.604704,1.148468
6.704697,-0.201947
6.804689,-0.872269
6.904682,1.044405
7.004675,0.244408
7.104668,0.191837
7.204660,0.202311
7.304653,-0.435683
7.404646,-0.622663
7.504639,-0.066373
7.604631,0.665693
7.704624,-0.438002
7.804617,0.321050
7.904610,0.140789
8.004604,1.233487
8.104645,-0.167718
8.204685,-2.065375
8.304726,-0.608317
8.404766,-1.550658
8.504807,0.768153
8.604847,0.344082
8.704887,-0.403144
8.804928,-0.686413
8.904968,-0.477870
9.005009,-0.699475
9.105049,1.402898
9.205090,-0.957778
9.305130,-0.454609
9.405170,-0.553867
9.505211,-0.666505
9.605251,0.090992
9.705292,-0.034533
9.805332,-0.507209
9.905373,0.853465
10.005413,0.451958
10.105453,-0.079708
10.205494,-0.357701
10.305534,-0.541305
10.405575,0.404961
10.505615,-0.713089
10.605656,0.915109
10.705696,0.162521
10.805737,1.377157
10.905777,-0.326433
11.005817,0.727557
11.105858,0.895952
11.205898,-0.478197
11.305939,-1.224947
11.405979,-0.090845
11.506020,-0.133156
11.606060,-0.781759
11.706100,-0.534354
11.806141,-0.069419
11.906181,-0.603554
12.006222,-0.177130
12.106262,-0.720218
12.206303,2.100296
12.306343,0.203327
12.406384,-0.681603
12.506424,0.419107
12.606464,-1.091735
12.706505,0.514964
12.806545,-1.201444
12.906586,-0.538296
13.006626,-0.533092
13.106667,0.681560
13.206707,1.050137
13.306747,-0.302569
13.406788,-0.081891
13.506828,-0.564739
13.606869,0.848004
13.706909,0.111334
13.806950,-0.973076
13.906990,0.978616
14.007030,0.560436
14.107071,-1.380744
14.207111,-0.520004
14.307152,-1.286151
14.407192,0.313077
14.507233,0.148140
14.607273,0.054031
14.707314,-0.242889
14.807354,-0.465739
14.907394,-0.233733
15.007435,-0.262122
15.107475,0.412431
15.207516,-0.012436
15.307556,-0.446812
15.407597,-1.654258
15.507637,-0.413066
15.607677,0.132062
15.707718,-0.015105
15.807758,0.074211
15.907799,0.557678
16.007832,-1.017618
16.107777,0.928365
16.207722,-0.239913
16.307667,-0.473977
16.407612,-0.382595
16.507557,0.106318
16.607502,-0.149895
16.707447,-0.123702
16.807392,-1.006517
16.907337,-0.331278
17.007282,0.579219
17.107227,-0.166997
17.207172,-0.726038
17.307117,1.755077
17.407063,0.606498
17.507008,-1.530713
17.606953,0.153042
17.706898,-0.572485
17.806843,0.874871
17.906788,1.377970
18.006733,-0.387294
18.106678,0.127081
18.206623,1.177411
18.306568,-0.724826
18.406513,-0.601402
18.506458,-0.494568
18.606403,-0.575298
18.706348,0.073452
18.806293,0.109089
18.906239,1.446494
19.006184,-0.076468
19.106129,0.764291
19.206074,-0.075826
19.306019,0.092525
19.405964,0.631324
19.505909,-0.428532
19.605854,-0.870925
19.705799,0.197381
19.805744,0.300551
19.905689,0.377530
20.005634,0.738061
20.105579,0.803826
20.205524,0.230539
20.305470,-0.029421
20.405415,-0.336424
20.505360,0.397894
20.605305,0.519713
20.705250,-0.640190
20.805195,-0.257324
20.905140,0.754341
21.005085,-0.086943
21.105030,1.066002
21.204975,-1.630334
21.304920,1.175229
21.404865,-0.756554
21.504810,1.235649
21.604755,0.336497
21.704700,-0.271222
21.804646,0.232628
21.904591,-0.017190
22.004536,-0.171205
22.104481,0.882939
22.204426,-0.703770
22.304371,0.204455
22.404316,0.212541
22.504261,0.115560
22.604206,0.633229
22.704151,-0.544920
22.804096,-0.757799
22.904041,0.877813
23.003986,0.996270
23.103931,0.221850
23.203876,0.339457
23.303822,-1.490508
23.403767,-0.388393
23.503712,0.535836
23.603657,-1.192996
23.703602,0.867455
23.803547,-0.547812
23.903492,-0.338195
24.003437,0.159019
24.103382,-0.032728
24.203327,0.694193
24.303272,-0.862919
24.403217,0.214106
24.503162,-0.529950
24.603107,-0.740157
24.703053,-0.428590
24.802998,0.826449
24.902943,-0.353933
25.002888,0.017665
25.102833,-0.063230
25.202778,-0.059328
25.302723,0.689624
25.402668,-0.568302
25.502613,0.314231
25.602558,-1.048510
25.702503,-0.808169
25.802448,1.130760
25.902393,0.504886
26.002338,0.472266
26.102283,-0.189607
26.202229,0.185618
26.302174,-0.631727
26.402119,0.358573
26.502064,-0.772583
26.602009,-0.312894
26.701954,-0.399344
26.801899,-0.695594
26.901844,0.099042
27.001789,-1.891443
27.101734,0.315606
27.201679,-0.808455
27.301624,0.295794
27.401569,0.137019
27.501514,-0.327426
27.601460,-0.174143
27.701405,0.741963
27.801350,0.118994
27.901295,-0.971890
28.001240,-0.382593
28.101185,-0.390635
28.201130,0.440055
28.301075,-1.321966
28.401020,-0.390298
28.500965,0.539175
28.600910,-0.094383
28.700855,0.212803
28.800800,0.697520
28.900745,1.081807
29.000690,0.694294
29.100636,1.179484
29.200581,0.349832
29.300526,-0.179767
29.400471,-0.260365
29.500416,-0.006727
29.600361,-0.299773
29.700306,-0.135341
29.800251,0.684244
29.900196,0.803502
30.000141,-1.783314
30.100086,-0.938445
30.200031,0.496058
30.299976,-0.055317
30.399921,-0.577139
30.499866,-0.384420
30.599812,-0.400445
30.699757,0.276471
30.799702,0.972937
30.899647,0.277407
30.999592,-0.363665
31.099537,0.149996
31.199482,0.407768
31.299427,0.820170
31.399372,0.966225
31.499317,0.089142
31.599262,-0.237005
31.699207,1.208452
31.799152,-0.616292
31.899097,-0.161374
31.999043,-0.557009
32.098988,-0.316957
32.198933,-0.057172
32.298878,0.723088
32.398823,1.186592
32.498768,-0.285050
32.598713,0.124717
32.698658,-0.678508
32.798603,-0.812039
32.898548,0.008285
32.998493,-0.680145
33.098438,1.405512
33.198383,0.784149
33.298328,-0.222319
33.398273,-0.768612
33.498219,0.774850
33.598164,0.229436
33.698109,0.100733
33.798054,0.711563
33.897999,-0.220565
33.997944,-0.361511
34.097889,0.130650
34.197834,0.421958
34.297779,0.494602
34.397724,-0.260782
34.497669,-0.423814
34.597614,0.375395
34.697559,-0.673292
34.797504,0.719140
34.897449,-0.105247
34.997395,0.179186
35.097340,0.322973
35.197285,0.354240
35.297230,0.385570
35.397175,0.060932
35.497120,-0.855242
35.597065,-1.092237
35.697010,0.760262
35.796955,-0.105360
35.896900,0.753852
35.996845,0.601579
36.096790,-1.443754
36.196735,-1.012523
36.296680,0.240174
36.396626,0.419147
36.496571,-0.629310
36.596516,0.675675
36.696461,-1.813998
36.796406,0.235004
36.896351,-1.557451
36.996296,0.830509
37.096241,0.327671
37.196186,0.454160
37.296131,0.448359
37.396076,0.636426
37.496021,0.430609
37.595966,0.139985
37.695911,-0.071100
37.795856,0.604863
37.895802,0.951927
37.995747,-0.177236
38.095692,0.433349
38.195637,0.142558
38.295582,-0.680885
38.395527,0.866985
38.495472,-0.508597
38.595417,0.608663
38.695362,0.609319
38.795307,-0.740648
38.895252,0.136789
38.995197,-0.481984
39.095142,-0.127515
39.195087,0.031843
39.295033,-0.056201
39.394978,-0.802028
39.494923,-0.564340
39.594868,-0.324633
39.694813,0.911694
39.794758,0.437022
39.894703,-0.613286
39.994648,-0.262067
40.094593,-0.230247
40.194538,-1.010776
40.294483,0.422192
40.394428,0.929723
40.494373,-0.624752
40.594318,1.629074
40.694263,1.239802
40.794209,-0.697848
40.894154,-0.154432
40.994099,-0.825867
41.094044,-0.579345
41.193989,-0.163360
41.293934,0.693517
41.393879,0.496680
41.493824,1.108164
41.593769,0.556025
41.693714,0.585770
41.793659,-1.158809
41.893604,0.556042
41.993549,-0.152580
42.093494,1.260730
42.193439,-0.511364
42.293385,-0.526122
42.393330,0.481338
42.493275,0.580296
42.593220,0.012335
42.693165,0.404855
42.793110,0.357137
42.893055,-1.156299
42.993000,-0.380763
43.092945,-0.893798
43.192890,-0.859544
43.292835,0.766313
43.392780,-0.603351
43.492725,-0.851125
43.592670,-0.931400
43.692616,-0.656421
43.792561,-0.149221
43.892506,-0.662541
43.992451,0.570653
44.092396,-0.508194
44.192341,0.772239
44.292286,0.855945
44.392231,1.032628
44.492176,-0.086956
44.592121,0.252162
44.692066,-0.590077
44.792011,0.661520
44.891956,-1.220664
44.991901,0.550758
45.091846,-0.113494
45.191792,-0.007225
45.291737,0.367579
45.391682,-1.591333
45.491627,-0.050422
45.591572,0.700184
45.691517,-0.130413
45.791462,0.665526
45.891407,-0.044850
45.991352,-0.430480
46.091297,-0.259347
46.191242,-1.020223
46.291187,1.018716
46.391132,0.672243
46.491077,-1.406864
46.591022,-1.397811
46.690968,-0.326248
46.790913,0.531996
46.890858,0.468233
46.990803,0.031051
47.090748,0.865203
47.190693,-0.700351
47.290638,0.057046
47.390583,-0.653142
47.490528,-1.056409
47.590473,-1.101843
47.690418,-1.412258
47.790363,0.767762
47.890308,-0.519512
47.990253,0.289826
48.090199,-0.611480
48.190144,-0.304274
48.290089,0.640547
48.390034,0.532567
48.489979,1.305768
48.589924,1.428867
48.689869,-0.003431
48.789814,0.270219
48.889759,-0.630298
48.989704,-1.845166
49.089649,-0.544354
49.189594,-0.157511
49.289539,0.355093
49.389484,0.244645
49.489429,-0.447444
49.589375,-0.880132
49.689320,0.502632
49.789265,0.654029
49.889210,-0.068791
49.989155,-0.006757
50.089100,-0.370669
50.189045,0.299422
50.288990,-0.299494
50.388935,0.472084
50.488880,-0.949010
50.588825,-0.487180
50.688770,0.872160
50.788715,0.304532
50.888660,0.533564
50.988605,-0.371620
51.088551,-0.325684
51.188496,1.048469
51.288441,-0.195306
51.388386,-0.308883
51.488331,-1.330557
51.588276,0.019219
51.688221,0.141581
51.788166,-0.259256
51.888111,-0.164164
51.988056,1.232419
52.088001,-0.945981
52.187946,-0.439453
52.287891,0.094325
52.387836,-0.328339
52.487782,-0.693591
52.587727,-0.441970
52.687672,0.241735
52.787617,-1.649752
52.887562,-0.065209
52.987507,-0.329914
53.087452,-0.473305
53.187397,0.661373
53.287342,0.179526
53.387287,0.762650
53.487232,1.398374
53.587177,1.185473
53.687122,0.654966
53.787067,0.012964
53.887012,-0.107738
53.986958,0.192572
54.086903,0.613127
54.186848,0.406274
54.286793,1.190365
54.386738,0.805024
54.486683,-1.495521
54.586628,-0.962299
54.686573,-0.150689
54.786518,-0.703906
54.886463,-0.398763
54.986408,1.405359
55.086353,0.737473
55.186298,-0.494582
55.286243,1.484576
55.386189,0.182918
55.486134,-0.855950
55.586079,-0.475089
55.686024,-1.338199
