time, Quad.Roll, Quad.Est.Roll, Quad.Pitch, Quad.Est.Pitch, Quad.Yaw, Quad.Est.Yaw
0.005000,0.000015,0.000018,-0.000025,-0.000033,0.000000,0.000000
0.010000,0.000055,0.000050,-0.000310,-0.000251,0.000002,0.000002
0.015000,0.000106,0.000110,-0.001403,-0.001577,0.000003,0.000003
0.020000,0.000123,0.000125,-0.004084,-0.003709,0.000001,0.000001
0.025000,0.000033,0.000018,-0.009178,-0.009839,-0.000009,-0.000011
0.030000,-0.000151,-0.000129,-0.017644,-0.016602,-0.000021,-0.000021
0.035000,-0.000431,-0.000467,-0.030239,-0.031723,-0.000031,-0.000033
0.040000,-0.000774,-0.000743,-0.047441,-0.045480,-0.000034,-0.000037
0.045000,-0.001094,-0.001127,-0.069604,-0.072083,-0.000024,-0.000025
0.050000,-0.001403,-0.001373,-0.096912,-0.093938,0.000007,-0.000003
0.055000,-0.001712,-0.001742,-0.129062,-0.132511,0.000059,0.000058
0.060000,-0.002014,-0.001985,-0.165176,-0.161428,0.000134,0.000116
0.065000,-0.002237,-0.002250,-0.204018,-0.208025,0.000229,0.000227
0.070000,-0.002335,-0.002326,-0.244174,-0.240178,0.000340,0.000316
0.075000,-0.002368,-0.002365,-0.284267,-0.288281,0.000468,0.000467
0.080000,-0.002411,-0.002396,-0.323038,-0.319322,0.000604,0.000575
0.085000,-0.002513,-0.002517,-0.359513,-0.363097,0.000743,0.000742
0.090000,-0.002648,-0.002625,-0.393066,-0.389951,0.000884,0.000852
0.095000,-0.002786,-0.002790,-0.423462,-0.426439,0.001024,0.001019
0.100000,-0.002927,-0.002902,-0.450584,-0.448145,0.001163,0.001129
0.105000,-0.003040,-0.003036,-0.474509,-0.476876,0.001298,0.001290
0.110000,-0.003120,-0.003100,-0.495503,-0.493677,0.001430,0.001395
0.115000,-0.003177,-0.003169,-0.513894,-0.515766,0.001555,0.001543
0.120000,-0.003245,-0.003223,-0.530026,-0.528675,0.001667,0.001633
0.125000,-0.003364,-0.003361,-0.544334,-0.545868,0.001766,0.001750
0.130000,-0.003485,-0.003458,-0.557259,-0.556212,0.001857,0.001822
0.135000,-0.003575,-0.003565,-0.569194,-0.570552,0.001942,0.001923
0.140000,-0.003596,-0.003580,-0.580397,-0.579530,0.002018,0.001984
0.145000,-0.003573,-0.003552,-0.590619,-0.591798,0.002086,0.002065
0.150000,-0.003460,-0.003461,-0.599009,-0.598541,0.002139,0.002108
0.155000,-0.003284,-0.003249,-0.604351,-0.604947,0.002174,0.002150
0.160000,-0.003040,-0.003054,-0.605426,-0.605835,0.002186,0.002159
0.165000,-0.002744,-0.002697,-0.601148,-0.600704,0.002176,0.002147
0.170000,-0.002418,-0.002436,-0.590687,-0.592355,0.002152,0.002127
0.175000,-0.002106,-0.002061,-0.573394,-0.571612,0.002116,0.002083
0.180000,-0.001853,-0.001860,-0.548821,-0.551967,0.002070,0.002045
0.185000,-0.001654,-0.001619,-0.516706,-0.513444,0.002018,0.001982
0.190000,-0.001439,-0.001446,-0.476976,-0.481668,0.001964,0.001936
0.195000,-0.001174,-0.001129,-0.429756,-0.425024,0.001911,0.001871
0.200000,-0.000880,-0.000891,-0.375284,-0.381449,0.001866,0.001832
0.205000,-0.000593,-0.000545,-0.314091,-0.308053,0.001835,0.001792
0.210000,-0.000331,-0.000335,-0.247428,-0.254699,0.001821,0.001779
0.215000,-0.000098,-0.000058,-0.177239,-0.170520,0.001823,0.001779
0.220000,0.000041,0.000053,-0.105789,-0.113333,0.001831,0.001785
0.225000,0.000107,0.000129,-0.035174,-0.028625,0.001840,0.001796
0.230000,0.000092,0.000116,0.032927,0.025875,0.001845,0.001801
0.235000,0.000065,0.000083,0.097253,0.103050,0.001848,0.001807
0.240000,0.000033,0.000057,0.156855,0.150743,0.001851,0.001811
0.245000,-0.000001,0.000017,0.211234,0.216002,0.001854,0.001817
0.250000,-0.000005,0.000013,0.260162,0.255152,0.001858,0.001820
0.255000,0.000078,0.000113,0.303582,0.307270,0.001864,0.001829
0.260000,0.000241,0.000243,0.341560,0.337659,0.001877,0.001839
0.265000,0.000481,0.000530,0.374265,0.376925,0.001899,0.001863
0.270000,0.000758,0.000752,0.402084,0.399180,0.001925,0.001883
0.275000,0.001037,0.001089,0.425634,0.427468,0.001953,0.001915
0.280000,0.001350,0.001341,0.445692,0.443512,0.001983,0.001939
0.285000,0.001629,0.001674,0.463071,0.464395,0.002016,0.001977
0.290000,0.001827,0.001834,0.478548,0.476776,0.002049,0.002003
0.295000,0.001909,0.001933,0.492794,0.493894,0.002082,0.002043
0.300000,0.001896,0.001921,0.506266,0.504676,0.002114,0.002069
0.305000,0.001915,0.001943,0.519326,0.520367,0.002140,0.002101
0.310000,0.002001,0.002013,0.532188,0.530665,0.002161,0.002118
0.314999,0.002138,0.002177,0.544929,0.545970,0.002177,0.002137
0.319999,0.002323,0.002326,0.557575,0.556098,0.002194,0.002150
0.324999,0.002548,0.002594,0.570123,0.571170,0.002211,0.002171
0.329999,0.002812,0.002806,0.582456,0.581051,0.002233,0.002188
0.334999,0.003074,0.003118,0.594313,0.595288,0.002258,0.002217
0.339999,0.003291,0.003293,0.605288,0.604086,0.002283,0.002237
0.344999,0.003434,0.003466,0.614892,0.615616,0.002306,0.002265
0.349999,0.003488,0.003507,0.622644,0.621835,0.002324,0.002279
0.354999,0.003502,0.003524,0.628084,0.628372,0.002330,0.002287
0.359999,0.003491,0.003517,0.630884,0.630623,0.002321,0.002279
0.364999,0.003404,0.003412,0.630900,0.630657,0.002297,0.002251
0.369999,0.003241,0.003281,0.628050,0.628387,0.002259,0.002220
0.374999,0.003120,0.003136,0.622318,0.621528,0.002210,0.002160
0.379999,0.003116,0.003132,0.613927,0.614821,0.002148,0.002111
0.384999,0.003234,0.003272,0.603136,0.601892,0.002076,0.002025
0.389999,0.003398,0.003404,0.590281,0.591611,0.002000,0.001964
0.394998,0.003545,0.003579,0.575809,0.574265,0.001923,0.001870
0.399998,0.003643,0.003657,0.560110,0.561709,0.001844,0.001808
0.404998,0.003725,0.003756,0.543534,0.541839,0.001768,0.001715
0.409998,0.003767,0.003787,0.526358,0.528102,0.001689,0.001652
0.414998,0.003782,0.003805,0.508904,0.507176,0.001609,0.001555
0.419998,0.003768,0.003795,0.491400,0.493179,0.001526,0.001488
0.424998,0.003664,0.003671,0.474074,0.472407,0.001445,0.001389
0.429998,0.003501,0.003540,0.457086,0.458826,0.001370,0.001328
0.434998,0.003330,0.003335,0.440501,0.438939,0.001303,0.001247
0.439998,0.003148,0.003191,0.424235,0.425939,0.001245,0.001200
0.444998,0.002902,0.002895,0.408181,0.406688,0.001196,0.001139
0.449998,0.002601,0.002652,0.392201,0.393917,0.001156,0.001106
0.454998,0.002318,0.002313,0.376203,0.374734,0.001123,0.001065
0.459998,0.002079,0.002120,0.360124,0.361881,0.001096,0.001042
0.464998,0.001909,0.001916,0.343938,0.342474,0.001073,0.001014
0.469997,0.001819,0.001844,0.327664,0.329465,0.001051,0.000996
0.474997,0.001779,0.001798,0.311334,0.309883,0.001029,0.000969
0.479997,0.001773,0.001794,0.294962,0.296796,0.001006,0.000950
0.484997,0.001733,0.001744,0.278557,0.277124,0.000979,0.000918
0.489997,0.001624,0.001656,0.262111,0.263977,0.000953,0.000896
0.494997,0.001451,0.001449,0.245583,0.244158,0.000926,0.000863
0.499997,0.001229,0.001269,0.229007,0.230902,0.000904,0.000844
0.504997,0.001026,0.001028,0.212538,0.211155,0.000885,0.000821
0.509997,0.000912,0.000934,0.196316,0.198183,0.000871,0.000809
0.514997,0.000890,0.000908,0.180463,0.179171,0.000859,0.000794
0.519997,0.000937,0.000944,0.165082,0.166874,0.000850,0.000787
0.524997,0.001071,0.001106,0.150186,0.149007,0.000846,0.000782
0.529997,0.001269,0.001267,0.135732,0.137450,0.000842,0.000779
0.534997,0.001506,0.001553,0.121695,0.120614,0.000835,0.000771
0.539997,0.001830,0.001815,0.108105,0.109749,0.000823,0.000762
0.544997,0.002169,0.002222,0.094896,0.093903,0.000804,0.000740
0.549996,0.002533,0.002515,0.081997,0.083586,0.000777,0.000719
0.554996,0.002894,0.002947,0.069418,0.068495,0.000747,0.000684
0.559996,0.003191,0.003184,0.057091,0.058638,0.000719,0.000662
0.564996,0.003396,0.003430,0.045009,0.044142,0.000694,0.000632
0.569996,0.003499,0.003513,0.033194,0.034691,0.000675,0.000617
0.574996,0.003474,0.003480,0.021690,0.020888,0.000665,0.000604
0.579996,0.003253,0.003303,0.010540,0.011969,0.000659,0.000599
0.584996,0.002871,0.002844,-0.000223,-0.000944,0.000661,0.000600
0.589996,0.002384,0.002454,-0.010544,-0.009201,0.000673,0.000608
0.594996,0.001807,0.001761,-0.020422,-0.021054,0.000694,0.000632
0.599996,0.001151,0.001235,-0.029819,-0.028571,0.000725,0.000656
0.604996,0.000495,0.000448,-0.038745,-0.039284,0.000763,0.000701
0.609996,-0.000160,-0.000077,-0.047196,-0.046046,0.000807,0.000734
0.614996,-0.000799,-0.000841,-0.055227,-0.055687,0.000851,0.000786
0.619996,-0.001385,-0.001313,-0.062900,-0.061826,0.000896,0.000821
0.624996,-0.001877,-0.001904,-0.070247,-0.070646,0.000942,0.000876
0.629995,-0.002256,-0.002207,-0.077249,-0.076249,0.000985,0.000909
0.634995,-0.002530,-0.002535,-0.083914,-0.084251,0.001027,0.000959
0.639995,-0.002690,-0.002662,-0.090229,-0.089308,0.001071,0.000994
0.644995,-0.002760,-0.002746,-0.096130,-0.096394,0.001118,0.001050
0.649995,-0.002737,-0.002727,-0.101605,-0.100778,0.001166,0.001089
0.654995,-0.002614,-0.002579,-0.106646,-0.106835,0.001211,0.001142
0.659995,-0.002373,-0.002383,-0.111272,-0.110539,0.001247,0.001171
0.664995,-0.002092,-0.002046,-0.115484,-0.115601,0.001270,0.001199
0.669995,-0.001832,-0.001838,-0.119290,-0.118649,0.001283,0.001209
0.674995,-0.001619,-0.001583,-0.122676,-0.122718,0.001290,0.001218
0.679995,-0.001475,-0.001469,-0.125584,-0.125049,0.001294,0.001222
0.684995,-0.001397,-0.001375,-0.128024,-0.127983,0.001299,0.001227
0.689995,-0.001374,-0.001357,-0.129954,-0.129531,0.001303,0.001230
0.694995,-0.001427,-0.001420,-0.131430,-0.131311,0.001305,0.001233
0.699995,-0.001586,-0.001549,-0.132574,-0.132231,0.001298,0.001227
0.704994,-0.001805,-0.001811,-0.133448,-0.133287,0.001280,0.001205
0.709994,-0.001993,-0.001961,-0.134043,-0.133767,0.001253,0.001184
0.714994,-0.002111,-0.002105,-0.134396,-0.134200,0.001220,0.001144
0.719994,-0.002208,-0.002183,-0.134561,-0.134334,0.001179,0.001111
0.724994,-0.002259,-0.002242,-0.134607,-0.134397,0.001132,0.001055
0.729994,-0.002176,-0.002177,-0.134533,-0.134341,0.001083,0.001016
0.734994,-0.001959,-0.001916,-0.134371,-0.134153,0.001036,0.000959
0.739994,-0.001702,-0.001708,-0.134067,-0.133916,0.000994,0.000925
0.744994,-0.001503,-0.001470,-0.133576,-0.133332,0.000955,0.000879
0.749994,-0.001385,-0.001376,-0.132861,-0.132766,0.000920,0.000851
0.754994,-0.001342,-0.001322,-0.131908,-0.131630,0.000888,0.000813
0.759994,-0.001345,-0.001324,-0.130672,-0.130643,0.000858,0.000788
0.764994,-0.001427,-0.001422,-0.129184,-0.128863,0.000830,0.000755
0.769994,-0.001552,-0.001521,-0.127451,-0.127481,0.000803,0.000733
0.774994,-0.001689,-0.001683,-0.125537,-0.125189,0.000774,0.000699
0.779994,-0.001773,-0.001751,-0.123452,-0.123526,0.000744,0.000675
0.784993,-0.001808,-0.001790,-0.121246,-0.120884,0.000711,0.000635
0.789993,-0.001768,-0.001757,-0.118901,-0.119012,0.000675,0.000607
0.794993,-0.001673,-0.001642,-0.116443,-0.116069,0.000641,0.000565
0.799993,-0.001489,-0.001495,-0.113869,-0.114012,0.000607,0.000538
0.804993,-0.001232,-0.001187,-0.111217,-0.110837,0.000573,0.000497
0.809993,-0.000937,-0.000949,-0.108538,-0.108698,0.000541,0.000471
0.814993,-0.000689,-0.000650,-0.105857,-0.105489,0.000509,0.000434
0.819993,-0.000475,-0.000478,-0.103233,-0.103397,0.000482,0.000412
0.824993,-0.000263,-0.000223,-0.100635,-0.100285,0.000461,0.000386
0.829993,-0.000051,-0.000052,-0.098096,-0.098257,0.000440,0.000370
0.834993,0.000118,0.000150,-0.095638,-0.095314,0.000415,0.000340
0.839993,0.000251,0.000254,-0.093250,-0.093409,0.000388,0.000318
0.844993,0.000408,0.000443,-0.090875,-0.090563,0.000358,0.000282
0.849993,0.000573,0.000576,-0.088456,-0.088633,0.000327,0.000257
0.854993,0.000694,0.000720,-0.085947,-0.085629,0.000295,0.000219
0.859993,0.000717,0.000736,-0.083397,-0.083591,0.000261,0.000192
0.864992,0.000665,0.000674,-0.080866,-0.080559,0.000226,0.000149
0.869992,0.000560,0.000589,-0.078352,-0.078551,0.000190,0.000121
0.874992,0.000430,0.000432,-0.075853,-0.075557,0.000155,0.000079
0.879992,0.000270,0.000303,-0.073367,-0.073572,0.000117,0.000048
0.884992,0.000096,0.000095,-0.070837,-0.070541,0.000075,-0.000002
0.889992,-0.000092,-0.000056,-0.068273,-0.068490,0.000031,-0.000037
0.894992,-0.000299,-0.000304,-0.065708,-0.065417,-0.000017,-0.000094
0.899992,-0.000525,-0.000485,-0.063143,-0.063367,-0.000071,-0.000137
0.904992,-0.000766,-0.000778,-0.060606,-0.060327,-0.000127,-0.000205
0.909992,-0.001233,-0.001141,-0.058096,-0.058319,-0.000183,-0.000249
0.914992,-0.002504,-0.002676,-0.055629,-0.055361,-0.000240,-0.000317
0.919992,-0.005258,-0.004863,-0.053189,-0.053407,-0.000301,-0.000364
0.924992,-0.010432,-0.011086,-0.050902,-0.050664,-0.000374,-0.000449
0.929992,-0.018965,-0.017902,-0.048738,-0.048936,-0.000464,-0.000518
0.934992,-0.031573,-0.033044,-0.046624,-0.046404,-0.000577,-0.000648
0.939991,-0.048853,-0.046862,-0.044614,-0.044798,-0.000723,-0.000759
0.944991,-0.071209,-0.073696,-0.042734,-0.042545,-0.000908,-0.000970
0.949991,-0.098766,-0.095754,-0.041001,-0.041157,-0.001131,-0.001142
0.954991,-0.131181,-0.134643,-0.039412,-0.039250,-0.001389,-0.001440
0.959991,-0.167525,-0.163747,-0.037952,-0.038083,-0.001680,-0.001664
0.964991,-0.206468,-0.210470,-0.036654,-0.036525,-0.001985,-0.002017
0.969991,-0.246629,-0.242632,-0.035524,-0.035619,-0.002288,-0.002253
0.974991,-0.286644,-0.290651,-0.034544,-0.034441,-0.002585,-0.002600
0.979991,-0.325373,-0.321663,-0.033643,-0.033721,-0.002888,-0.002837
0.984991,-0.361928,-0.365542,-0.032777,-0.032680,-0.003209,-0.003215
0.989991,-0.395713,-0.392593,-0.031902,-0.031982,-0.003558,-0.003487
0.994991,-0.426346,-0.429376,-0.030963,-0.030853,-0.003960,-0.003964
0.999991,-0.453691,-0.451268,-0.029908,-0.030009,-0.004446,-0.004348
1.004991,-0.477777,-0.480200,-0.028719,-0.028580,-0.005025,-0.005037
1.009991,-0.498789,-0.497019,-0.027413,-0.027534,-0.005697,-0.005570
1.014991,-0.517111,-0.519040,-0.026052,-0.025899,-0.006433,-0.006448
1.019992,-0.533166,-0.531898,-0.024684,-0.024804,-0.007205,-0.007062
1.024992,-0.547388,-0.549002,-0.023329,-0.023177,-0.007992,-0.008002
1.029992,-0.560211,-0.559275,-0.022029,-0.022135,-0.008766,-0.008620
1.034992,-0.572009,-0.573470,-0.020851,-0.020721,-0.009487,-0.009482
1.039993,-0.583043,-0.582324,-0.019790,-0.019870,-0.010149,-0.010012
1.044993,-0.593050,-0.594353,-0.018884,-0.018782,-0.010718,-0.010693
1.049993,-0.601116,-0.600852,-0.018122,-0.018173,-0.011196,-0.011074
1.054993,-0.606046,-0.606787,-0.017498,-0.017424,-0.011587,-0.011544
1.059994,-0.606671,-0.607332,-0.016996,-0.017024,-0.011896,-0.011791
1.064994,-0.601907,-0.601646,-0.016602,-0.016551,-0.012125,-0.012068
1.069994,-0.590894,-0.592873,-0.016280,-0.016295,-0.012303,-0.012211
1.074994,-0.573036,-0.571482,-0.015996,-0.015956,-0.012450,-0.012389
1.079994,-0.547939,-0.551437,-0.015749,-0.015760,-0.012566,-0.012482
1.084995,-0.515402,-0.512435,-0.015508,-0.015472,-0.012672,-0.012611
1.089995,-0.475392,-0.480451,-0.015259,-0.015275,-0.012776,-0.012695
1.094995,-0.428056,-0.423687,-0.015007,-0.014975,-0.012877,-0.012820
1.099995,-0.373613,-0.380148,-0.014741,-0.014766,-0.012978,-0.012903
1.104996,-0.312501,-0.306862,-0.014356,-0.014305,-0.013108,-0.013063
1.109996,-0.245935,-0.253594,-0.013737,-0.013812,-0.013270,-0.013201
1.114996,-0.175853,-0.169552,-0.012839,-0.012738,-0.013434,-0.013413
1.119996,-0.104513,-0.112457,-0.011638,-0.011779,-0.013564,-0.013533
1.124997,-0.033948,-0.027812,-0.010174,-0.010025,-0.013617,-0.013622
1.129997,0.034268,0.026780,-0.008492,-0.008678,-0.013562,-0.013598
1.134997,0.098893,0.104319,-0.006647,-0.006464,-0.013382,-0.013412
1.139997,0.158984,0.152411,-0.004704,-0.004906,-0.013071,-0.013183
1.144997,0.213908,0.218331,-0.002657,-0.002445,-0.012624,-0.012676
1.149998,0.263373,0.257918,-0.000535,-0.000741,-0.012042,-0.012228
1.154998,0.307308,0.310663,0.001610,0.001841,-0.011346,-0.011418
1.159998,0.345757,0.341435,0.003720,0.003536,-0.010567,-0.010808
1.164998,0.378843,0.381166,0.005714,0.005934,-0.009747,-0.009843
1.169999,0.406962,0.403666,0.007446,0.007326,-0.008958,-0.009220
1.174999,0.430684,0.432168,0.008813,0.008971,-0.008265,-0.008398
1.179999,0.450765,0.448234,0.009816,0.009776,-0.007696,-0.007946
1.184999,0.467951,0.468894,0.010457,0.010549,-0.007273,-0.007442
1.190000,0.483014,0.480947,0.010835,0.010852,-0.006968,-0.007199
1.195000,0.496678,0.497377,0.011035,0.011091,-0.006753,-0.006942
1.200000,0.509555,0.507688,0.011035,0.011092,-0.006643,-0.006854
1.205000,0.522139,0.522819,0.010856,0.010879,-0.006633,-0.006841
1.210001,0.534751,0.532924,0.010561,0.010643,-0.006691,-0.006887
1.215001,0.547491,0.548236,0.010167,0.010170,-0.006814,-0.007033
1.220001,0.560315,0.558514,0.009668,0.009769,-0.007004,-0.007185
1.225001,0.573055,0.573823,0.009121,0.009116,-0.007220,-0.007441
1.230001,0.585362,0.583695,0.008575,0.008678,-0.007431,-0.007608
1.235002,0.596765,0.597398,0.008051,0.008050,-0.007628,-0.007842
1.240002,0.606762,0.605423,0.007575,0.007668,-0.007796,-0.007976
1.245002,0.614870,0.615175,0.007190,0.007206,-0.007902,-0.008102
1.250002,0.620682,0.619850,0.006920,0.006992,-0.007927,-0.008121
1.255003,0.623871,0.623703,0.006711,0.006741,-0.007911,-0.008102
1.260003,0.624251,0.624029,0.006511,0.006582,-0.007890,-0.008085
1.265003,0.621748,0.621059,0.006299,0.006328,-0.007877,-0.008068
1.270003,0.616489,0.616866,0.006098,0.006169,-0.007852,-0.008048
1.275004,0.608718,0.607576,0.005910,0.005943,-0.007813,-0.008001
1.280004,0.598769,0.599632,0.005723,0.005793,-0.007768,-0.007966
1.285004,0.587006,0.585549,0.005527,0.005557,-0.007728,-0.007919
1.290004,0.573652,0.574882,0.005273,0.005353,-0.007725,-0.007918
1.295004,0.558956,0.557282,0.004972,0.004993,-0.007746,-0.007943
1.300005,0.543232,0.544717,0.004683,0.004762,-0.007752,-0.007949
1.305005,0.526791,0.525022,0.004443,0.004475,-0.007726,-0.007918
1.310005,0.509853,0.511487,0.004256,0.004328,-0.007671,-0.007874
1.315005,0.492609,0.490827,0.004048,0.004075,-0.007630,-0.007827
1.320006,0.475256,0.476960,0.003741,0.003831,-0.007641,-0.007836
1.325006,0.457939,0.456209,0.003307,0.003312,-0.007714,-0.007924
1.330006,0.440717,0.442448,0.002789,0.002897,-0.007824,-0.008014
1.335006,0.423612,0.421948,0.002249,0.002249,-0.007939,-0.008155
1.340007,0.406658,0.408400,0.001676,0.001789,-0.008062,-0.008256
1.345007,0.389904,0.388318,0.001111,0.001113,-0.008173,-0.008391
1.350007,0.373346,0.375087,0.000607,0.000709,-0.008250,-0.008454
1.355007,0.356930,0.355408,0.000182,0.000197,-0.008293,-0.008508
1.360008,0.340577,0.342339,-0.000228,-0.000130,-0.008329,-0.008538
1.365008,0.324241,0.322757,-0.000647,-0.000632,-0.008362,-0.008579
1.370008,0.307965,0.309747,-0.001053,-0.000958,-0.008382,-0.008596
1.375008,0.291795,0.290361,-0.001380,-0.001349,-0.008372,-0.008586
1.380008,0.275762,0.277544,-0.001606,-0.001530,-0.008327,-0.008550
1.385009,0.259871,0.258490,-0.001769,-0.001727,-0.008256,-0.008466
1.390009,0.244117,0.245896,-0.001919,-0.001848,-0.008173,-0.008400
1.395009,0.228531,0.227205,-0.002084,-0.002050,-0.008088,-0.008300
1.400009,0.213137,0.214897,-0.002345,-0.002258,-0.008022,-0.008247
1.405010,0.197947,0.196681,-0.002666,-0.002644,-0.007961,-0.008175
1.410010,0.182953,0.184692,-0.003000,-0.002912,-0.007890,-0.008119
1.415010,0.168216,0.167020,-0.003284,-0.003255,-0.007791,-0.008003
1.420010,0.153791,0.155488,-0.003566,-0.003481,-0.007675,-0.007910
1.425011,0.139635,0.138510,-0.003869,-0.003845,-0.007547,-0.007758
1.430011,0.125733,0.127394,-0.004172,-0.004087,-0.007409,-0.007649
1.435011,0.112109,0.111051,-0.004479,-0.004458,-0.007267,-0.007479
1.440011,0.098770,0.100386,-0.004828,-0.004735,-0.007128,-0.007368
1.445011,0.085717,0.084729,-0.005300,-0.005301,-0.007002,-0.007219
1.450012,0.072985,0.074546,-0.005900,-0.005783,-0.006886,-0.007127
1.455012,0.060585,0.059673,-0.006556,-0.006570,-0.006774,-0.006995
1.460012,0.048528,0.050029,-0.007213,-0.007097,-0.006662,-0.006907
1.465012,0.036843,0.036009,-0.007828,-0.007835,-0.006541,-0.006764
1.470013,0.025574,0.026996,-0.008360,-0.008261,-0.006410,-0.006660
1.475013,0.014731,0.013984,-0.008789,-0.008777,-0.006271,-0.006494
1.480013,0.004260,0.005608,-0.009134,-0.009054,-0.006131,-0.006383
1.485013,-0.005834,-0.006504,-0.009427,-0.009405,-0.005991,-0.006216
1.490014,-0.015563,-0.014291,-0.009668,-0.009600,-0.005852,-0.006105
1.495014,-0.024839,-0.025424,-0.009789,-0.009746,-0.005711,-0.005937
1.500014,-0.033638,-0.032464,-0.009765,-0.009729,-0.005574,-0.005827
1.505014,-0.041957,-0.042449,-0.009582,-0.009511,-0.005443,-0.005669
1.510015,-0.049821,-0.048742,-0.009266,-0.009258,-0.005313,-0.005565
1.515015,-0.057241,-0.057650,-0.008904,-0.008825,-0.005181,-0.005406
1.520015,-0.064268,-0.063273,-0.008557,-0.008546,-0.005047,-0.005298
1.525015,-0.070879,-0.071212,-0.008267,-0.008201,-0.004910,-0.005133
1.530015,-0.077139,-0.076222,-0.008094,-0.008065,-0.004766,-0.005018
1.535016,-0.083133,-0.083419,-0.008069,-0.008036,-0.004613,-0.004834
1.540016,-0.088885,-0.088025,-0.008140,-0.008094,-0.004457,-0.004710
1.545016,-0.094355,-0.094595,-0.008254,-0.008231,-0.004304,-0.004525
1.550016,-0.099503,-0.098717,-0.008414,-0.008361,-0.004149,-0.004402
1.555017,-0.104259,-0.104430,-0.008617,-0.008604,-0.003993,-0.004214
1.560017,-0.108596,-0.107903,-0.008830,-0.008774,-0.003836,-0.004089
1.565017,-0.112528,-0.112627,-0.009078,-0.009072,-0.003684,-0.003907
1.570017,-0.116002,-0.115410,-0.009365,-0.009302,-0.003541,-0.003792
1.575018,-0.118994,-0.119007,-0.009648,-0.009641,-0.003414,-0.003642
1.580018,-0.121526,-0.121037,-0.009912,-0.009851,-0.003306,-0.003555
1.585018,-0.123665,-0.123613,-0.010179,-0.010171,-0.003209,-0.003439
1.590018,-0.125520,-0.125102,-0.010445,-0.010385,-0.003121,-0.003369
1.595019,-0.127150,-0.127064,-0.010744,-0.010743,-0.003034,-0.003265
1.600019,-0.128569,-0.128206,-0.011022,-0.010965,-0.002953,-0.003200
1.605019,-0.129734,-0.129614,-0.011280,-0.011273,-0.002875,-0.003107
1.610019,-0.130668,-0.130367,-0.011447,-0.011406,-0.002807,-0.003053
1.615019,-0.131371,-0.131220,-0.011514,-0.011487,-0.002748,-0.002982
1.620020,-0.131889,-0.131640,-0.011503,-0.011478,-0.002695,-0.002940
1.625020,-0.132191,-0.132011,-0.011440,-0.011402,-0.002642,-0.002877
1.630020,-0.132243,-0.132056,-0.011267,-0.011265,-0.002599,-0.002842
1.635020,-0.132124,-0.131923,-0.010925,-0.010855,-0.002575,-0.002814
1.640021,-0.131894,-0.131745,-0.010396,-0.010431,-0.002574,-0.002813
1.645021,-0.131519,-0.131304,-0.009740,-0.009647,-0.002591,-0.002832
1.650021,-0.130990,-0.130884,-0.009070,-0.009113,-0.002612,-0.002849
1.655021,-0.130322,-0.130089,-0.008385,-0.008291,-0.002636,-0.002878
1.660022,-0.129439,-0.129389,-0.007688,-0.007732,-0.002659,-0.002897
1.665022,-0.128305,-0.128036,-0.007044,-0.006960,-0.002669,-0.002909
1.670022,-0.126895,-0.126914,-0.006465,-0.006496,-0.002665,-0.002906
1.675022,-0.125185,-0.124870,-0.005959,-0.005891,-0.002649,-0.002886
1.680022,-0.123218,-0.123299,-0.005575,-0.005584,-0.002613,-0.002858
1.685023,-0.121115,-0.120783,-0.005357,-0.005323,-0.002559,-0.002793
1.690023,-0.118933,-0.119044,-0.005352,-0.005319,-0.002482,-0.002731
1.695023,-0.116670,-0.116337,-0.005541,-0.005544,-0.002388,-0.002619
1.700023,-0.114336,-0.114474,-0.005830,-0.005775,-0.002286,-0.002536
1.705024,-0.111955,-0.111624,-0.006177,-0.006192,-0.002177,-0.002406
1.710024,-0.109542,-0.109699,-0.006519,-0.006467,-0.002072,-0.002322
1.715024,-0.107109,-0.106786,-0.006799,-0.006804,-0.001979,-0.002209
1.720024,-0.104678,-0.104845,-0.007048,-0.007004,-0.001891,-0.002139
1.725025,-0.102249,-0.101938,-0.007224,-0.007216,-0.001811,-0.002042
1.730025,-0.099843,-0.100019,-0.007263,-0.007249,-0.001742,-0.001987
1.735025,-0.097442,-0.097145,-0.007086,-0.007038,-0.001694,-0.001930
1.740025,-0.095045,-0.095235,-0.006705,-0.006732,-0.001667,-0.001909
1.745026,-0.092601,-0.092310,-0.006189,-0.006114,-0.001654,-0.001893
1.750026,-0.090101,-0.090315,-0.005557,-0.005606,-0.001653,-0.001892
1.755026,-0.087484,-0.087182,-0.004909,-0.004831,-0.001651,-0.001891
1.760026,-0.084775,-0.085018,-0.004352,-0.004386,-0.001639,-0.001881
1.765026,-0.081990,-0.081681,-0.003898,-0.003843,-0.001619,-0.001857
1.770027,-0.079160,-0.079421,-0.003576,-0.003588,-0.001594,-0.001837
1.775027,-0.076324,-0.076023,-0.003347,-0.003313,-0.001570,-0.001808
1.780027,-0.073521,-0.073786,-0.003164,-0.003169,-0.001544,-0.001787
1.785027,-0.070735,-0.070447,-0.002967,-0.002931,-0.001519,-0.001758
1.790028,-0.067973,-0.068240,-0.002740,-0.002748,-0.001496,-0.001739
1.795028,-0.065219,-0.064940,-0.002528,-0.002493,-0.001470,-0.001708
1.800028,-0.062495,-0.062763,-0.002292,-0.002302,-0.001448,-0.001691
1.805028,-0.059863,-0.059608,-0.002046,-0.002008,-0.001430,-0.001670
1.810029,-0.057427,-0.057653,-0.001725,-0.001759,-0.001417,-0.001659
1.815029,-0.055633,-0.055512,-0.000944,-0.000810,-0.001426,-0.001671
1.820029,-0.055035,-0.055029,0.000983,0.000723,-0.001489,-0.001721
1.825029,-0.056162,-0.056392,0.004631,0.005108,-0.001628,-0.001888
1.830029,-0.059550,-0.059096,0.010499,0.009798,-0.001872,-0.002079
1.835030,-0.065686,-0.066465,0.018972,0.019974,-0.002269,-0.002544
1.840030,-0.074847,-0.073793,0.030401,0.029116,-0.002896,-0.003028
1.845030,-0.087289,-0.088727,0.044945,0.046574,-0.003853,-0.004135
1.850030,-0.103172,-0.101433,0.062709,0.060790,-0.005279,-0.005229
1.855031,-0.122506,-0.124627,0.083722,0.086016,-0.007348,-0.007618
1.860031,-0.145345,-0.142885,0.107945,0.105410,-0.010267,-0.009860
1.865031,-0.171722,-0.174501,0.135320,0.138289,-0.014283,-0.014506
1.870031,-0.201553,-0.198336,0.165595,0.162550,-0.019644,-0.018642
1.875032,-0.234401,-0.237657,0.198145,0.201660,-0.026526,-0.026629
1.880032,-0.269562,-0.265724,0.232135,0.228920,-0.035002,-0.033200
1.885032,-0.306298,-0.309655,0.266681,0.270461,-0.045039,-0.044897
1.890032,-0.343874,-0.339619,0.300870,0.297899,-0.056471,-0.053804
1.895033,-0.381540,-0.384632,0.333926,0.337686,-0.069044,-0.068519
1.900033,-0.418564,-0.414144,0.365223,0.362821,-0.082426,-0.078993
1.905033,-0.454316,-0.456868,0.394301,0.397845,-0.096243,-0.095233
1.910033,-0.488323,-0.483976,0.420877,0.419194,-0.110120,-0.106136
1.915033,-0.520307,-0.522223,0.444954,0.448217,-0.123785,-0.122263
1.920034,-0.550125,-0.546012,0.466654,0.465661,-0.137031,-0.132712
1.925034,-0.577220,-0.578428,0.485767,0.488692,-0.149413,-0.147363
1.930034,-0.600445,-0.597002,0.501807,0.501587,-0.160201,-0.155909
1.935034,-0.618506,-0.618656,0.514342,0.516685,-0.168627,-0.165915
1.940035,-0.630432,-0.628226,0.523118,0.523734,-0.174079,-0.170252
1.945035,-0.635570,-0.634436,0.527929,0.529526,-0.176089,-0.172642
1.950035,-0.633415,-0.632752,0.528594,0.530071,-0.174350,-0.171251
1.955035,-0.623808,-0.621274,0.524968,0.525736,-0.168782,-0.164558
1.960036,-0.606825,-0.607692,0.516820,0.519246,-0.159443,-0.157053
1.965036,-0.582676,-0.578681,0.503915,0.503820,-0.146593,-0.141541
1.970036,-0.551635,-0.553776,0.485986,0.489546,-0.130649,-0.128661
1.975036,-0.514146,-0.508623,0.462735,0.461777,-0.112177,-0.106243
1.980036,-0.470865,-0.473813,0.433890,0.438817,-0.091894,-0.089761
1.985037,-0.422628,-0.415613,0.399366,0.397588,-0.070687,-0.063871
1.990037,-0.370256,-0.373444,0.359208,0.365602,-0.049496,-0.046542
1.995037,-0.314599,-0.306250,0.313604,0.311100,-0.029241,-0.021645
2.000037,-0.256399,-0.259400,0.262906,0.270673,-0.010777,-0.006428
2.005037,-0.196247,-0.186837,0.207586,0.204480,0.005159,0.013362
2.010037,-0.134747,-0.137400,0.148381,0.157193,0.017922,0.024039
2.015036,-0.072725,-0.062747,0.086540,0.083110,0.027006,0.035614
2.020036,-0.011006,-0.013271,0.023500,0.032693,0.032165,0.040177
2.025036,0.049710,0.059608,-0.039308,-0.042644,0.033419,0.042309
2.030035,0.108862,0.106889,-0.100637,-0.091740,0.031005,0.040765
2.035035,0.166111,0.175438,-0.159468,-0.162381,0.025310,0.034496
2.040035,0.221161,0.219345,-0.215069,-0.206927,0.016802,0.028031
2.045034,0.273745,0.282200,-0.266920,-0.269242,0.006002,0.015570
2.050034,0.323665,0.321961,-0.314716,-0.307553,-0.006556,0.005819
2.055033,0.370770,0.378217,-0.358330,-0.360003,-0.020348,-0.010306
2.060033,0.414934,0.413374,-0.397798,-0.391651,-0.034893,-0.021697
2.065033,0.456032,0.462446,-0.433271,-0.434327,-0.049754,-0.039190
2.070032,0.493958,0.492639,-0.464946,-0.459727,-0.064543,-0.050831
2.075032,0.528661,0.534090,-0.493082,-0.493583,-0.078935,-0.067848
2.080032,0.560034,0.559084,-0.517985,-0.513552,-0.092676,-0.078707
2.085031,0.587922,0.592417,-0.539929,-0.539949,-0.105539,-0.093967
2.090031,0.612130,0.611727,-0.559017,-0.555254,-0.117201,-0.103216
2.095031,0.632303,0.635873,-0.575242,-0.574761,-0.127271,-0.115200
2.100030,0.648037,0.648454,-0.588552,-0.585428,-0.135327,-0.121614
2.105030,0.658895,0.661491,-0.598863,-0.597818,-0.140954,-0.128336
2.110029,0.664459,0.665974,-0.606057,-0.603584,-0.143777,-0.130597
2.115029,0.664532,0.666121,-0.610080,-0.608424,-0.143578,-0.130366
2.120029,0.659105,0.661819,-0.610872,-0.609075,-0.140265,-0.127720
2.125028,0.648269,0.648879,-0.608392,-0.606140,-0.133891,-0.120068
2.130028,0.632357,0.636162,-0.602647,-0.601584,-0.124681,-0.112668
2.135028,0.611972,0.611721,-0.593764,-0.591012,-0.113047,-0.098638
2.140027,0.587934,0.592454,-0.582035,-0.581693,-0.099588,-0.087780
2.145027,0.561270,0.560420,-0.567868,-0.564822,-0.084965,-0.070082
2.150027,0.533113,0.537824,-0.551750,-0.552009,-0.069817,-0.057827
2.155026,0.504489,0.503393,-0.534212,-0.531107,-0.054705,-0.039493
2.160026,0.476262,0.480735,-0.515849,-0.516496,-0.040110,-0.027670
2.165025,0.449103,0.448050,-0.497226,-0.494273,-0.026383,-0.010995
2.170025,0.423416,0.427439,-0.478761,-0.479569,-0.013704,-0.000725
2.175025,0.399398,0.398542,-0.460770,-0.458079,-0.002144,0.013318
2.180024,0.377131,0.380684,-0.443537,-0.444347,0.008264,0.021745
2.185024,0.356645,0.356046,-0.427133,-0.424735,0.017600,0.033082
2.190024,0.337921,0.341041,-0.411534,-0.412297,0.025979,0.039861
2.195023,0.320813,0.320472,-0.396710,-0.394561,0.033503,0.048993
2.200023,0.305103,0.307889,-0.382499,-0.383229,0.040305,0.054492
2.205023,0.290495,0.290329,-0.368704,-0.366717,0.046512,0.062022
2.210022,0.276676,0.279265,-0.355106,-0.355868,0.052233,0.066649
2.215022,0.263354,0.263254,-0.341557,-0.339647,0.057541,0.073092
2.220021,0.250276,0.252781,-0.327938,-0.328778,0.062484,0.077092
2.225021,0.237259,0.237139,-0.314154,-0.312270,0.067090,0.082690
2.230021,0.224174,0.226659,-0.300105,-0.301054,0.071385,0.086174
2.235020,0.210925,0.210741,-0.285749,-0.283857,0.075376,0.091036
2.240020,0.197497,0.199981,-0.271088,-0.272147,0.079057,0.094030
2.245020,0.183997,0.183763,-0.256173,-0.254277,0.082414,0.098132
2.250019,0.170523,0.172970,-0.241054,-0.242196,0.085437,0.100600
2.255019,0.157213,0.156982,-0.225855,-0.223983,0.088113,0.103884
2.260019,0.144123,0.146497,-0.210616,-0.211804,0.090450,0.105801
2.265018,0.131313,0.131115,-0.195424,-0.193597,0.092451,0.108271
2.270018,0.118835,0.121125,-0.180396,-0.181585,0.094115,0.109646
2.275017,0.106734,0.106596,-0.165603,-0.163850,0.095458,0.111321
2.280017,0.095030,0.097230,-0.151092,-0.152249,0.096495,0.112191
2.285017,0.083669,0.083591,-0.136955,-0.135295,0.097241,0.113144
2.290016,0.072646,0.074769,-0.123203,-0.124299,0.097712,0.113556
2.295016,0.062005,0.061998,-0.109869,-0.108306,0.097924,0.113862
2.300016,0.051761,0.053801,-0.096961,-0.097983,0.097900,0.113875
2.305015,0.041896,0.041961,-0.084504,-0.083039,0.097661,0.113633
2.310015,0.032402,0.034366,-0.072503,-0.073443,0.097227,0.113315
2.315015,0.023257,0.023395,-0.060896,-0.059517,0.096622,0.112628
2.320014,0.014477,0.016369,-0.049670,-0.050536,0.095861,0.112044
2.325014,0.006117,0.006338,-0.038822,-0.037518,0.094965,0.111004
2.330014,-0.001835,-0.000022,-0.028273,-0.029078,0.093950,0.110214
2.335013,-0.009423,-0.009128,-0.018016,-0.016769,0.092827,0.108898
2.340013,-0.016730,-0.014972,-0.008107,-0.008841,0.091604,0.107939
2.345012,-0.023795,-0.023448,0.001461,0.002643,0.090286,0.106387
2.350012,-0.030637,-0.028922,0.010682,0.010023,0.088882,0.105281
2.355012,-0.037277,-0.036887,0.019547,0.020666,0.087398,0.103526
2.360011,-0.043672,-0.042003,0.028038,0.027460,0.085847,0.102300
2.365011,-0.049778,-0.049331,0.036154,0.037206,0.084239,0.100393
2.370011,-0.055612,-0.053997,0.043906,0.043412,0.082583,0.099082
2.375010,-0.061160,-0.060654,0.051305,0.052297,0.080890,0.097070
2.380010,-0.066385,-0.064832,0.058323,0.057916,0.079173,0.095708
2.385010,-0.071319,-0.070751,0.064964,0.065893,0.077443,0.093648
2.390009,-0.075900,-0.074415,0.071226,0.070908,0.075706,0.092268
2.395009,-0.080138,-0.079502,0.077090,0.077950,0.073976,0.090206
2.400008,-0.084035,-0.082619,0.082515,0.082297,0.072260,0.088841
2.405008,-0.087611,-0.086913,0.087491,0.088275,0.070567,0.086820
2.410008,-0.090893,-0.089541,0.091974,0.091866,0.068902,0.085494
2.415007,-0.093904,-0.093157,0.096001,0.096707,0.067271,0.083545
2.420007,-0.096610,-0.095325,0.099554,0.099555,0.065683,0.082279
2.425007,-0.098955,-0.098147,0.102634,0.103259,0.064145,0.080439
2.430006,-0.100991,-0.099777,0.105272,0.105374,0.062658,0.079253
2.435006,-0.102774,-0.101923,0.107563,0.108131,0.061220,0.077531
2.440006,-0.104306,-0.103152,0.109531,0.109709,0.059832,0.076423
2.445005,-0.105604,-0.104715,0.111182,0.111699,0.058493,0.074818
2.450005,-0.106678,-0.105577,0.112538,0.112788,0.057203,0.073788
2.455004,-0.107577,-0.106661,0.113666,0.114149,0.055957,0.072294
2.460004,-0.108274,-0.107225,0.114568,0.114877,0.054752,0.071331
2.465004,-0.108770,-0.107827,0.115220,0.115665,0.053590,0.069937
2.470003,-0.109090,-0.108087,0.115587,0.115960,0.052478,0.069049
2.475003,-0.109190,-0.108214,0.115780,0.116200,0.051405,0.067761
2.480003,-0.109070,-0.108123,0.115785,0.116208,0.050370,0.066934
2.485002,-0.108794,-0.107799,0.115586,0.115976,0.049376,0.065740
2.490002,-0.108392,-0.107484,0.115128,0.115613,0.048428,0.064982
2.495002,-0.107800,-0.106779,0.114465,0.114825,0.047516,0.063886
2.500001,-0.106921,-0.106081,0.113636,0.114166,0.046631,0.063178
2.505001,-0.105728,-0.104657,0.112658,0.113001,0.045774,0.062149
2.510000,-0.104261,-0.103488,0.111556,0.112125,0.044942,0.061482
2.515000,-0.102637,-0.101547,0.110324,0.110654,0.044134,0.060512
2.520000,-0.100969,-0.100217,0.108953,0.109559,0.043353,0.059887
2.524999,-0.099325,-0.098251,0.107434,0.107741,0.042600,0.058982
2.529999,-0.097739,-0.096988,0.105706,0.106363,0.041880,0.058405
2.534999,-0.096156,-0.095096,0.103782,0.104062,0.041190,0.057576
2.539998,-0.094581,-0.093841,0.101717,0.102414,0.040528,0.057045
2.544998,-0.093035,-0.091993,0.099581,0.099857,0.039883,0.056270
2.549998,-0.091516,-0.090783,0.097396,0.098115,0.039253,0.055765
2.554997,-0.089935,-0.088893,0.095097,0.095365,0.038645,0.055033
2.559997,-0.088258,-0.087554,0.092718,0.093465,0.038055,0.054559
2.564996,-0.086494,-0.085443,0.090334,0.090610,0.037478,0.053866
2.569996,-0.084602,-0.083933,0.088004,0.088748,0.036913,0.053414
2.574996,-0.082554,-0.081482,0.085783,0.086088,0.036356,0.052743
2.579995,-0.080410,-0.079768,0.083643,0.084380,0.035808,0.052304
2.584995,-0.078266,-0.077202,0.081500,0.081812,0.035271,0.051659
2.589995,-0.076115,-0.075486,0.079249,0.080014,0.034753,0.051244
2.594994,-0.073896,-0.072828,0.076892,0.077190,0.034250,0.050640
2.599994,-0.071626,-0.071016,0.074469,0.075255,0.033760,0.050247
2.604994,-0.069331,-0.068267,0.072009,0.072307,0.033280,0.049670
2.609993,-0.067017,-0.066417,0.069483,0.070289,0.032811,0.049293
2.614993,-0.064728,-0.063675,0.066883,0.067175,0.032352,0.048741
2.619992,-0.062465,-0.061868,0.064277,0.065092,0.031895,0.048375
2.624992,-0.060189,-0.059139,0.061694,0.061996,0.031437,0.047824
2.629992,-0.057871,-0.057291,0.059139,0.059954,0.030973,0.047453
2.634991,-0.055472,-0.054416,0.056669,0.056995,0.030500,0.046883
2.639991,-0.053004,-0.052443,0.054360,0.055152,0.030017,0.046497
2.644991,-0.050499,-0.049443,0.052190,0.052553,0.029529,0.045910
2.649990,-0.048004,-0.047447,0.050168,0.050939,0.029035,0.045514
2.654990,-0.045574,-0.044538,0.048239,0.048626,0.028540,0.044920
2.659990,-0.043271,-0.042698,0.046359,0.047123,0.028051,0.044528
2.664989,-0.041146,-0.040151,0.044538,0.044941,0.027562,0.043941
2.669989,-0.039249,-0.038635,0.042784,0.043540,0.027073,0.043549
2.674989,-0.037620,-0.036681,0.041124,0.041552,0.026579,0.042955
2.679988,-0.036154,-0.035509,0.039561,0.040303,0.026085,0.042559
2.684988,-0.034837,-0.033934,0.038055,0.038498,0.025595,0.041971
2.689987,-0.033646,-0.032985,0.036580,0.037320,0.025113,0.041585
2.694987,-0.032505,-0.031617,0.035102,0.035549,0.024639,0.041015
2.699987,-0.031359,-0.030702,0.033617,0.034363,0.024173,0.040641
2.704986,-0.030149,-0.029252,0.032113,0.032559,0.023714,0.040090
2.709986,-0.028848,-0.028214,0.030581,0.031337,0.023264,0.039729
2.714986,-0.027470,-0.026563,0.029015,0.029461,0.022834,0.039212
2.719985,-0.026048,-0.025426,0.027490,0.028242,0.022443,0.038898
2.724985,-0.024581,-0.023667,0.026034,0.026495,0.022109,0.038497
2.729985,-0.023089,-0.022474,0.024638,0.025380,0.021849,0.038288
2.734984,-0.021595,-0.020682,0.023329,0.023810,0.021685,0.038091
2.739984,-0.020128,-0.019511,0.022134,0.022857,0.021640,0.038054
2.744983,-0.018711,-0.017813,0.021091,0.021606,0.021733,0.038166
2.749983,-0.017393,-0.016761,0.020201,0.020897,0.021983,0.038365
2.754983,-0.016172,-0.015296,0.019405,0.019942,0.022408,0.038875
2.759982,-0.015017,-0.014372,0.018628,0.019321,0.023028,0.039370
2.764982,-0.013938,-0.013079,0.017850,0.018389,0.023864,0.040372
2.769982,-0.012914,-0.012261,0.017068,0.017764,0.024933,0.041227
2.774981,-0.011877,-0.011018,0.016269,0.016804,0.026249,0.042806
2.779981,-0.010819,-0.010169,0.015478,0.016172,0.027819,0.044062
2.784981,-0.009799,-0.008946,0.014725,0.015268,0.029651,0.046261
2.789980,-0.008874,-0.008205,0.014002,0.014689,0.031761,0.047948
2.794980,-0.008041,-0.007205,0.013319,0.013866,0.034162,0.050828
2.799979,-0.007307,-0.006618,0.012608,0.013296,0.036863,0.052989
2.804979,-0.006604,-0.005774,0.011851,0.012388,0.039874,0.056601
2.809979,-0.005954,-0.005253,0.011096,0.011783,0.043200,0.059262
2.814978,-0.005348,-0.004520,0.010384,0.010927,0.046847,0.063638
2.819978,-0.004725,-0.004020,0.009738,0.010409,0.050818,0.066814
2.824978,-0.004087,-0.003251,0.009176,0.009731,0.055117,0.071973
2.829977,-0.003428,-0.002722,0.008653,0.009311,0.059749,0.075678
2.834977,-0.002776,-0.001938,0.008137,0.008688,0.064712,0.081633
2.839977,-0.002201,-0.001475,0.007604,0.008256,0.070012,0.085873
2.844976,-0.001661,-0.000822,0.007065,0.007607,0.075652,0.092640
2.849976,-0.001146,-0.000407,0.006557,0.007199,0.081632,0.097425
2.854975,-0.000683,0.000154,0.006104,0.006651,0.087953,0.105009
2.859975,-0.000302,0.000463,0.005708,0.006332,0.094611,0.110335
2.864975,-0.000038,0.000786,0.005331,0.005875,0.101601,0.118724
2.869974,0.000109,0.000907,0.004967,0.005580,0.108920,0.124578
2.874974,0.000129,0.000936,0.004551,0.005075,0.116562,0.133749
2.879974,0.000068,0.000889,0.004084,0.004697,0.124525,0.140118
2.884973,0.000067,0.000896,0.003551,0.004050,0.132804,0.150052
2.889973,0.000203,0.001008,0.002958,0.003568,0.141396,0.156926
2.894973,0.000515,0.001386,0.002392,0.002882,0.150294,0.167603
2.899972,0.000914,0.001709,0.001900,0.002483,0.159497,0.174966
2.904972,0.001364,0.002256,0.001511,0.002007,0.169006,0.186376
2.909971,0.001811,0.002617,0.001269,0.001808,0.178818,0.194226
2.914971,0.002246,0.003145,0.001156,0.001662,0.188931,0.206360
2.919971,0.002664,0.003483,0.001131,0.001638,0.199338,0.214686
2.924970,0.003016,0.003910,0.001127,0.001625,0.210033,0.227521
2.929970,0.003200,0.004060,0.001186,0.001664,0.221016,0.236307
2.934970,0.003233,0.004105,0.001307,0.001795,0.232285,0.249829
2.939969,0.003069,0.003979,0.001365,0.001836,0.243836,0.259071
2.944969,0.002673,0.003510,0.001314,0.001761,0.255664,0.273264
2.949969,0.002049,0.003015,0.001193,0.001654,0.267766,0.282946
2.954968,0.001258,0.002077,0.001035,0.001449,0.280138,0.297792
2.959968,0.000427,0.001416,0.000860,0.001298,0.292774,0.307901
2.964967,-0.000387,0.000446,0.000675,0.001061,0.305668,0.323374
2.969967,-0.001172,-0.000178,0.000520,0.000923,0.318818,0.333893
2.974967,-0.001912,-0.001060,0.000493,0.000876,0.332215,0.349970
2.979966,-0.002546,-0.001564,0.000666,0.001003,0.345856,0.360883
2.984966,-0.002992,-0.002096,0.001014,0.001401,0.359735,0.377538
2.989966,-0.003260,-0.002307,0.001487,0.001768,0.373848,0.388829
2.994965,-0.003379,-0.002449,0.002069,0.002451,0.388191,0.406041
2.999965,-0.003409,-0.002469,0.002722,0.002965,0.402763,0.417699
3.004965,-0.003412,-0.002471,0.003359,0.003715,0.417561,0.435457
3.009964,-0.003421,-0.002475,0.003996,0.004214,0.432585,0.447477
3.014964,-0.003476,-0.002536,0.004586,0.004906,0.447836,0.465779
3.019964,-0.003530,-0.002578,0.005131,0.005333,0.463317,0.478164
3.024963,-0.003578,-0.002634,0.005577,0.005851,0.479033,0.497024
3.029963,-0.003620,-0.002665,0.005982,0.006162,0.494992,0.509791
3.034962,-0.003629,-0.002673,0.006374,0.006614,0.511200,0.529242
3.039962,-0.003626,-0.002669,0.006741,0.006893,0.527665,0.542414
3.044962,-0.003609,-0.002647,0.007135,0.007347,0.544390,0.562485
3.049961,-0.003588,-0.002630,0.007581,0.007695,0.561382,0.576078
3.054961,-0.003534,-0.002564,0.007988,0.008163,0.578645,0.596794
3.059961,-0.003410,-0.002464,0.008313,0.008412,0.596181,0.610824
3.064960,-0.003208,-0.002221,0.008562,0.008692,0.613999,0.632205
3.069960,-0.002963,-0.002024,0.008785,0.008858,0.632103,0.646689
3.074960,-0.002734,-0.001749,0.008982,0.009076,0.650498,0.668762
3.079959,-0.002573,-0.001621,0.009172,0.009216,0.669184,0.683712
3.084959,-0.002424,-0.001442,0.009344,0.009401,0.688166,0.706490
3.089958,-0.002313,-0.001354,0.009575,0.009569,0.707445,0.721913
3.094958,-0.002278,-0.001312,0.009924,0.009963,0.727023,0.745408
3.099958,-0.002331,-0.001354,0.010277,0.010231,0.746905,0.761313
3.104957,-0.002458,-0.001507,0.010552,0.010538,0.767093,0.785539
3.109957,-0.002632,-0.001647,0.010730,0.010665,0.787588,0.801936
3.114957,-0.002893,-0.001959,0.010812,0.010739,0.808394,0.826903
3.119956,-0.003160,-0.002175,0.010767,0.010686,0.829508,0.843794
3.124956,-0.003364,-0.002420,0.010609,0.010472,0.850923,0.869492
3.129956,-0.003459,-0.002501,0.010368,0.010262,0.872637,0.886863
3.134955,-0.003363,-0.002389,0.010091,0.009905,0.894646,0.913274
3.139955,-0.003051,-0.002143,0.009858,0.009704,0.916948,0.931115
3.144954,-0.002548,-0.001543,0.009679,0.009466,0.939538,0.958223
3.149954,-0.001907,-0.001031,0.009512,0.009317,0.962415,0.976525
3.154954,-0.001209,-0.000201,0.009408,0.009172,0.985583,1.004326
3.159953,-0.000502,0.000360,0.009411,0.009161,1.009040,1.023092
3.164953,0.000169,0.001157,0.009510,0.009259,1.032776,1.051576
3.169953,0.000798,0.001654,0.009734,0.009424,1.056788,1.070785
3.174952,0.001410,0.002378,0.010048,0.009777,1.081071,1.099924
3.179952,0.001998,0.002842,0.010403,0.010045,1.105621,1.119565
3.184952,0.002562,0.003508,0.010768,0.010461,1.130438,1.149346
3.189951,0.003071,0.003908,0.011126,0.010732,1.155519,1.169411
3.194951,0.003432,0.004327,0.011471,0.011120,1.180861,1.199821
3.199950,0.003620,0.004467,0.011732,0.011314,1.206463,1.220303
3.204950,0.003684,0.004533,0.011859,0.011444,1.232322,1.251334
3.209950,0.003646,0.004491,0.011889,0.011451,1.258435,1.272225
3.214949,0.003572,0.004387,0.011853,0.011381,1.284789,1.303849
3.219949,0.003492,0.004314,0.011795,0.011319,1.311369,1.325113
3.224949,0.003390,0.004179,0.011651,0.011121,1.338153,1.357254
3.229948,0.003289,0.004086,0.011423,0.010923,1.365121,1.378828
3.234948,0.003202,0.003966,0.011092,0.010500,1.392251,1.411384
3.239948,0.003113,0.003886,0.010657,0.010136,1.419522,1.433200
3.244947,0.002993,0.003727,0.010122,0.009468,1.446912,1.466067
3.249947,0.002889,0.003634,0.009519,0.008970,1.474404,1.488061
3.254946,0.002826,0.003544,0.008867,0.008164,1.501979,1.521150
3.259946,0.002824,0.003530,0.008205,0.007617,1.529619,1.543262
3.264946,0.002919,0.003625,0.007619,0.006889,1.557308,1.576487
3.269945,0.003061,0.003727,0.007078,0.006443,1.585034,1.598669
3.274945,0.003222,0.003901,0.006560,0.005799,1.612785,1.631969
3.279945,0.003410,0.004038,0.006042,0.005372,1.640543,1.654175
3.284944,0.003683,0.004344,0.005533,0.004743,1.668298,1.687480
3.289944,0.004025,0.004605,0.005112,0.004395,1.696042,1.709675
3.294944,0.004401,0.005033,0.004766,0.003964,1.723764,1.742942
3.299943,0.004836,0.005367,0.004497,0.003738,1.751453,1.765093
3.304943,0.005269,0.005864,0.004274,0.003456,1.779102,1.798271
3.309942,0.005673,0.006171,0.004086,0.003299,1.806703,1.820352
3.314942,0.006003,0.006543,0.003849,0.003000,1.834249,1.853406
3.319942,0.006268,0.006739,0.003615,0.002803,1.861732,1.875393
3.324941,0.006420,0.006897,0.003422,0.002556,1.889147,1.908291
3.329941,0.006426,0.006883,0.003258,0.002414,1.916488,1.930164
3.334941,0.006325,0.006736,0.003122,0.002234,1.943745,1.962872
3.339940,0.006165,0.006588,0.002945,0.002081,1.970916,1.984609
3.344940,0.005987,0.006349,0.002728,0.001810,1.997998,2.017107
3.349940,0.005851,0.006222,0.002552,0.001659,2.024989,2.038700
3.354939,0.005749,0.006073,0.002444,0.001517,2.051888,2.070978
3.359939,0.005709,0.006021,0.002325,0.001415,2.078688,2.092418
3.364938,0.005740,0.006028,0.002134,0.001176,2.105387,2.124457
3.369938,0.005791,0.006051,0.001862,0.000953,2.131988,2.145739
3.374938,0.005823,0.006063,0.001523,0.000539,2.158488,2.177538
3.379937,0.005852,0.006069,0.001159,0.000243,2.184885,2.198656
3.384937,0.005867,0.006062,0.000816,-0.000175,2.211176,2.230205
3.389937,0.005878,0.006051,0.000555,-0.000386,2.237358,2.251151
3.394936,0.005893,0.006037,0.000360,-0.000624,2.263428,2.282435
3.399936,0.005890,0.006015,0.000208,-0.000749,2.289389,2.303204
3.404936,0.005861,0.005950,0.000120,-0.000859,2.315246,2.334233
3.409935,0.005728,0.005824,0.000103,-0.000874,2.341003,2.354838
3.414935,0.005468,0.005480,0.000088,-0.000897,2.366658,2.385624
3.419935,0.005082,0.005151,-0.000030,-0.000994,2.392210,2.406066
3.424934,0.004617,0.004566,-0.000233,-0.001240,2.417658,2.436604
3.429934,0.004078,0.004114,-0.000448,-0.001415,2.443007,2.456883
3.434933,0.003508,0.003402,-0.000658,-0.001669,2.468257,2.487183
3.439933,0.002967,0.002949,-0.000847,-0.001822,2.493409,2.507304
3.444933,0.002518,0.002382,-0.000973,-0.001974,2.518467,2.537374
3.449932,0.002128,0.002049,-0.001029,-0.002017,2.543433,2.557347
3.454932,0.001771,0.001596,-0.001024,-0.002008,2.568309,2.587199
3.459932,0.001515,0.001372,-0.000952,-0.001948,2.593097,2.607029
3.464931,0.001331,0.001123,-0.000876,-0.001853,2.617795,2.636667
3.469931,0.001284,0.001068,-0.000838,-0.001818,2.642403,2.656353
3.474931,0.001373,0.001144,-0.000843,-0.001816,2.666924,2.685778
3.479930,0.001538,0.001258,-0.000852,-0.001817,2.691357,2.705324
3.484930,0.001720,0.001447,-0.000902,-0.001868,2.715704,2.734542
3.489929,0.001851,0.001534,-0.000992,-0.001934,2.739969,2.753954
3.494929,0.001929,0.001599,-0.001172,-0.002138,2.764151,2.782971
3.499929,0.001937,0.001586,-0.001387,-0.002303,2.788248,2.802249
3.504928,0.001922,0.001545,-0.001617,-0.002570,2.812265,2.831070
3.509928,0.001999,0.001589,-0.001884,-0.002775,2.836204,2.850222
3.514928,0.002223,0.001834,-0.002213,-0.003158,2.860070,2.878860
3.519927,0.002583,0.002108,-0.002600,-0.003458,2.883862,2.897894
3.524927,0.002991,0.002575,-0.003023,-0.003950,2.907578,2.926355
3.529927,0.003389,0.002877,-0.003425,-0.004262,2.931221,2.945269
3.534926,0.003772,0.003313,-0.003728,-0.004611,2.954790,2.973552
3.539926,0.004092,0.003555,-0.003920,-0.004753,2.978280,2.992344
3.544925,0.004295,0.003774,-0.004022,-0.004858,3.001695,3.020443
3.549925,0.004353,0.003805,-0.003969,-0.004804,3.025040,3.039119
3.554925,0.004279,0.003696,-0.003798,-0.004584,3.048317,3.067051
3.559924,0.004149,0.003577,-0.003582,-0.004400,3.071529,3.085621
3.564924,0.003951,0.003316,-0.003359,-0.004117,3.094675,3.113396
3.569924,0.003662,0.003070,-0.003092,-0.003891,3.117754,3.131859
3.574923,0.003318,0.002636,-0.002820,-0.003550,3.140767,-3.123711
3.579923,0.002961,0.002335,-0.002588,-0.003353,-3.119472,-3.105354
3.584923,0.002606,0.001889,-0.002372,-0.003079,-3.096593,-3.077898
3.589922,0.002297,0.001627,-0.002182,-0.002917,-3.073779,-3.059647
3.594922,0.002047,0.001308,-0.002028,-0.002713,-3.051025,-3.032343
3.599921,0.001860,0.001146,-0.001903,-0.002601,-3.028329,-3.014186
3.604921,0.001704,0.000942,-0.001828,-0.002491,-3.005689,-2.987018
3.609921,0.001593,0.000841,-0.001824,-0.002474,-2.983104,-2.968950
3.614920,0.001512,0.000726,-0.001898,-0.002542,-2.960574,-2.941914
3.619920,0.001411,0.000632,-0.002049,-0.002649,-2.938094,-2.923930
3.624920,0.001362,0.000559,-0.002283,-0.002908,-2.915663,-2.897011
3.629919,0.001382,0.000563,-0.002580,-0.003131,-2.893270,-2.879097
3.634919,0.001453,0.000634,-0.002912,-0.003506,-2.870906,-2.852260
3.639919,0.001499,0.000660,-0.003234,-0.003749,-2.848565,-2.834387
3.644918,0.001553,0.000713,-0.003507,-0.004053,-2.826238,-2.807595
3.649918,0.001641,0.000774,-0.003688,-0.004182,-2.803924,-2.789743
3.654917,0.001763,0.000906,-0.003832,-0.004332,-2.781615,-2.762972
3.659917,0.001884,0.000994,-0.004005,-0.004455,-2.759310,-2.745128
3.664917,0.002011,0.001135,-0.004193,-0.004655,-2.737004,-2.718360
3.669916,0.002140,0.001228,-0.004342,-0.004757,-2.714693,-2.700512
3.674916,0.002311,0.001421,-0.004512,-0.004936,-2.692377,-2.673732
3.679916,0.002437,0.001517,-0.004680,-0.005055,-2.670051,-2.655871
3.684915,0.002488,0.001570,-0.004791,-0.005165,-2.647711,-2.629063
3.689915,0.002510,0.001583,-0.004858,-0.005202,-2.625351,-2.611175
3.694915,0.002471,0.001527,-0.004890,-0.005215,-2.602963,-2.584309
3.699914,0.002372,0.001442,-0.004863,-0.005178,-2.580542,-2.566372
3.704914,0.002232,0.001264,-0.004742,-0.005007,-2.558087,-2.539426
3.709913,0.002041,0.001104,-0.004509,-0.004803,-2.535596,-2.521433
3.714913,0.001819,0.000829,-0.004248,-0.004465,-2.513068,-2.494400
3.719913,0.001556,0.000613,-0.003988,-0.004241,-2.490501,-2.476346
3.724912,0.001292,0.000288,-0.003696,-0.003866,-2.467896,-2.449220
3.729912,0.001003,0.000053,-0.003382,-0.003599,-2.445254,-2.431107
3.734912,0.000611,-0.000422,-0.003051,-0.003178,-2.422573,-2.403890
3.739911,0.000143,-0.000800,-0.002703,-0.002883,-2.399851,-2.385713
3.744911,-0.000383,-0.001435,-0.002335,-0.002419,-2.377089,-2.358399
3.749911,-0.000922,-0.001871,-0.001984,-0.002122,-2.354285,-2.340155
3.754910,-0.001421,-0.002474,-0.001660,-0.001711,-2.331433,-2.312734
3.759910,-0.001875,-0.002842,-0.001407,-0.001492,-2.308532,-2.294413
3.764910,-0.002263,-0.003309,-0.001196,-0.001215,-2.285580,-2.266871
3.769909,-0.002594,-0.003575,-0.001011,-0.001050,-2.262579,-2.248471
3.774909,-0.002877,-0.003914,-0.000828,-0.000804,-2.239531,-2.220813
3.779908,-0.003066,-0.004066,-0.000606,-0.000610,-2.216433,-2.202334
3.784908,-0.003166,-0.004184,-0.000299,-0.000215,-2.193282,-2.174554
3.789908,-0.003161,-0.004179,0.000099,0.000123,-2.170080,-2.155993
3.794907,-0.003108,-0.004115,0.000583,0.000731,-2.146831,-2.128094
3.799907,-0.002964,-0.003999,0.001065,0.001138,-2.123531,-2.109455
3.804907,-0.002691,-0.003672,0.001450,0.001630,-2.100181,-2.081434
3.809906,-0.002322,-0.003372,0.001730,0.001874,-2.076780,-2.062714
3.814906,-0.001924,-0.002891,0.001911,0.002123,-2.053330,-2.034575
3.819906,-0.001536,-0.002577,0.002050,0.002255,-2.029831,-2.015776
3.824905,-0.001188,-0.002154,0.002143,0.002395,-2.006279,-1.987513
3.829905,-0.000875,-0.001898,0.002171,0.002437,-1.982674,-1.968629
3.834904,-0.000593,-0.001551,0.002163,0.002458,-1.959022,-1.940246
3.839904,-0.000378,-0.001372,0.002101,0.002426,-1.935320,-1.921285
3.844904,-0.000249,-0.001207,0.002046,0.002390,-1.911569,-1.892784
3.849903,-0.000162,-0.001130,0.002035,0.002402,-1.887773,-1.873746
3.854903,-0.000113,-0.001059,0.002004,0.002395,-1.863931,-1.845137
3.859903,-0.000037,-0.000991,0.002023,0.002426,-1.840046,-1.826028
3.864902,0.000125,-0.000785,0.002113,0.002564,-1.816118,-1.797315
3.869902,0.000354,-0.000594,0.002277,0.002713,-1.792149,-1.778140
3.874902,0.000617,-0.000268,0.002503,0.003011,-1.768139,-1.749328
3.879901,0.000868,-0.000059,0.002729,0.003212,-1.744087,-1.730086
3.884901,0.001084,0.000214,0.002884,0.003425,-1.719991,-1.701172
3.889900,0.001232,0.000341,0.002875,0.003434,-1.695854,-1.681862
3.894900,0.001355,0.000506,0.002670,0.003215,-1.671681,-1.652854
3.899900,0.001473,0.000614,0.002291,0.002930,-1.647473,-1.633488
3.904899,0.001543,0.000717,0.001734,0.002287,-1.623227,-1.604392
3.909899,0.001548,0.000735,0.001023,0.001733,-1.598947,-1.584966
3.914899,0.001556,0.000768,0.000237,0.000817,-1.574641,-1.555799
3.919898,0.001602,0.000822,-0.000508,0.000237,-1.550327,-1.536347
3.924898,0.001653,0.000907,-0.001188,-0.000556,-1.526024,-1.507184
3.929898,0.001701,0.000963,-0.001800,-0.001032,-1.501756,-1.487769
3.934897,0.001736,0.001030,-0.002299,-0.001607,-1.477540,-1.458710
3.939897,0.001783,0.001083,-0.002608,-0.001840,-1.453400,-1.439397
3.944896,0.001878,0.001218,-0.002700,-0.001930,-1.429357,-1.410547
3.949896,0.001980,0.001315,-0.002631,-0.001861,-1.405438,-1.391411
3.954896,0.002065,0.001440,-0.002398,-0.001564,-1.381665,-1.362883
3.959895,0.002147,0.001521,-0.002056,-0.001277,-1.358052,-1.343993
3.964895,0.002191,0.001595,-0.001707,-0.000841,-1.334617,-1.315871
3.969895,0.002147,0.001576,-0.001387,-0.000572,-1.311379,-1.297281
3.974894,0.001981,0.001402,-0.001150,-0.000272,-1.288352,-1.269649
3.979894,0.001762,0.001240,-0.000963,-0.000111,-1.265548,-1.251405
3.984894,0.001514,0.000965,-0.000842,0.000047,-1.242976,-1.224320
3.989893,0.001270,0.000785,-0.000831,0.000063,-1.220646,-1.206455
3.994893,0.001079,0.000580,-0.000889,0.000005,-1.198565,-1.179959
3.999892,0.000951,0.000492,-0.000986,-0.000064,-1.176746,-1.162503
4.004892,0.000937,0.000498,-0.001097,-0.000187,-1.155197,-1.136644
