time, Quad.Est.E.Yaw, Quad.Est.E.Pitch, Quad.Est.E.Roll, Quad.Est.E.MaxEuler
0.005000,0.000000,-0.000021,0.000010,0.000021
0.010000,0.000001,-0.000113,0.000011,0.000113
0.015000,-0.000000,-0.000496,0.000013,0.000496
0.020000,-0.000001,-0.000936,0.000001,0.000936
0.025000,-0.000004,-0.001920,-0.000043,0.001920
0.030000,-0.000004,-0.002805,-0.000063,0.002805
0.035000,-0.000004,-0.004359,-0.000101,0.004359
0.040000,-0.000002,-0.005496,-0.000104,0.005496
0.045000,0.000002,-0.007323,-0.000096,0.007323
0.050000,0.000006,-0.008561,-0.000092,0.008561
0.055000,0.000011,-0.010232,-0.000091,0.010232
0.060000,0.000015,-0.011097,-0.000087,0.011097
0.065000,0.000019,-0.011929,-0.000048,0.011929
0.070000,0.000022,-0.012132,-0.000019,0.012132
0.075000,0.000026,-0.011962,-0.000003,0.011962
0.080000,0.000027,-0.011565,-0.000008,0.011565
0.085000,0.000026,-0.010658,-0.000029,0.010658
0.090000,0.000025,-0.009937,-0.000031,0.009937
0.095000,0.000023,-0.008795,-0.000033,0.008795
0.100000,0.000021,-0.008019,-0.000029,0.008019
0.105000,0.000018,-0.006907,-0.000017,0.006907
0.110000,0.000017,-0.006242,-0.000008,0.006242
0.115000,0.000012,-0.005356,-0.000003,0.005356
0.120000,0.000009,-0.004856,-0.000007,0.004856
0.125000,0.000003,-0.004274,-0.000024,0.004274
0.130000,0.000001,-0.003982,-0.000020,0.003982
0.135000,-0.000002,-0.003682,-0.000002,0.003682
0.140000,-0.000004,-0.003525,0.000013,0.003525
0.145000,-0.000008,-0.003111,0.000031,0.003111
0.150000,-0.000012,-0.002594,0.000057,0.002594
0.155000,-0.000019,-0.001361,0.000074,0.001361
0.160000,-0.000025,-0.000251,0.000095,0.000251
0.165000,-0.000032,0.001770,0.000109,0.001770
0.170000,-0.000036,0.003302,0.000114,0.003302
0.175000,-0.000041,0.005811,0.000106,0.005811
0.180000,-0.000044,0.007576,0.000085,0.007576
0.185000,-0.000048,0.010296,0.000075,0.010296
0.190000,-0.000049,0.012107,0.000084,0.012107
0.195000,-0.000050,0.014766,0.000103,0.014766
0.200000,-0.000050,0.016469,0.000110,0.016469
0.205000,-0.000047,0.018769,0.000103,0.018769
0.210000,-0.000045,0.019936,0.000101,0.019936
0.215000,-0.000043,0.020931,0.000080,0.020931
0.220000,-0.000042,0.021045,0.000057,0.021045
0.225000,-0.000042,0.020518,0.000027,0.020518
0.230000,-0.000042,0.019796,0.000013,0.019796
0.235000,-0.000040,0.018309,0.000013,0.018309
0.240000,-0.000039,0.017122,0.000010,0.017122
0.245000,-0.000037,0.015213,0.000012,0.015213
0.250000,-0.000036,0.013900,0.000024,0.013900
0.255000,-0.000034,0.011934,0.000058,0.011934
0.260000,-0.000032,0.010645,0.000075,0.010645
0.265000,-0.000031,0.008794,0.000103,0.008794
0.270000,-0.000031,0.007674,0.000106,0.007674
0.275000,-0.000031,0.006237,0.000112,0.006237
0.280000,-0.000032,0.005478,0.000117,0.005478
0.285000,-0.000032,0.004623,0.000095,0.004623
0.290000,-0.000032,0.004237,0.000072,0.004237
0.295000,-0.000032,0.003874,0.000031,0.003874
0.300000,-0.000033,0.003731,0.000017,0.003731
0.305000,-0.000034,0.003634,0.000038,0.003634
0.310000,-0.000036,0.003606,0.000054,0.003606
0.314999,-0.000037,0.003579,0.000070,0.003579
0.319999,-0.000037,0.003573,0.000081,0.003573
0.324999,-0.000036,0.003545,0.000095,0.003545
0.329999,-0.000036,0.003487,0.000103,0.003487
0.334999,-0.000036,0.003290,0.000094,0.003290
0.339999,-0.000036,0.003052,0.000083,0.003052
0.344999,-0.000037,0.002511,0.000053,0.002511
0.349999,-0.000039,0.002041,0.000032,0.002041
0.354999,-0.000043,0.001173,0.000024,0.001173
0.359999,-0.000047,0.000531,0.000016,0.000531
0.364999,-0.000052,-0.000466,-0.000017,0.000466
0.369999,-0.000056,-0.001154,-0.000029,0.001154
0.374999,-0.000060,-0.002158,0.000000,0.002158
0.379999,-0.000063,-0.002763,0.000031,0.002763
0.384999,-0.000066,-0.003581,0.000068,0.003581
0.389999,-0.000067,-0.004031,0.000073,0.004031
0.394998,-0.000068,-0.004548,0.000060,0.004548
0.399998,-0.000068,-0.004802,0.000051,0.004802
0.404998,-0.000068,-0.005067,0.000045,0.005067
0.409998,-0.000069,-0.005180,0.000030,0.005180
0.414998,-0.000070,-0.005229,0.000024,0.005229
0.419998,-0.000071,-0.005214,0.000011,0.005214
0.424998,-0.000071,-0.005109,-0.000019,0.005109
0.429998,-0.000070,-0.005008,-0.000032,0.005008
0.434998,-0.000069,-0.004850,-0.000028,0.004850
0.439998,-0.000067,-0.004771,-0.000037,0.004771
0.444998,-0.000066,-0.004693,-0.000061,0.004693
0.449998,-0.000064,-0.004673,-0.000070,0.004673
0.454998,-0.000064,-0.004673,-0.000058,0.004673
0.459998,-0.000064,-0.004688,-0.000050,0.004688
0.464998,-0.000064,-0.004709,-0.000021,0.004709
0.469997,-0.000064,-0.004719,-0.000004,0.004719
0.474997,-0.000065,-0.004719,0.000016,0.004719
0.479997,-0.000066,-0.004721,0.000015,0.004721
0.484997,-0.000067,-0.004716,0.000000,0.004716
0.489997,-0.000068,-0.004719,-0.000021,0.004719
0.494997,-0.000068,-0.004738,-0.000040,0.004738
0.499997,-0.000068,-0.004732,-0.000053,0.004732
0.504997,-0.000068,-0.004661,-0.000031,0.004661
0.509997,-0.000068,-0.004585,-0.000012,0.004585
0.514997,-0.000067,-0.004427,0.000018,0.004427
0.519997,-0.000066,-0.004300,0.000038,0.004300
0.524997,-0.000065,-0.004122,0.000069,0.004122
0.529997,-0.000065,-0.004014,0.000079,0.004014
0.534997,-0.000066,-0.003852,0.000104,0.003852
0.539997,-0.000067,-0.003739,0.000118,0.003739
0.544997,-0.000068,-0.003610,0.000124,0.003610
0.549996,-0.000070,-0.003530,0.000128,0.003530
0.554996,-0.000069,-0.003417,0.000123,0.003417
0.559996,-0.000068,-0.003355,0.000103,0.003355
0.564996,-0.000067,-0.003261,0.000067,0.003261
0.569996,-0.000065,-0.003196,0.000042,0.003196
0.574996,-0.000062,-0.003076,-0.000014,0.003076
0.579996,-0.000062,-0.002987,-0.000063,0.002987
0.584996,-0.000060,-0.002839,-0.000113,0.002839
0.589996,-0.000058,-0.002732,-0.000136,0.002732
0.594996,-0.000057,-0.002570,-0.000171,0.002570
0.599996,-0.000055,-0.002453,-0.000181,0.002453
0.604996,-0.000055,-0.002287,-0.000180,0.002287
0.609996,-0.000055,-0.002177,-0.000177,0.002177
0.614996,-0.000056,-0.002035,-0.000167,0.002035
0.619996,-0.000057,-0.001954,-0.000153,0.001954
0.624996,-0.000058,-0.001843,-0.000118,0.001843
0.629995,-0.000059,-0.001756,-0.000089,0.001756
0.634995,-0.000060,-0.001643,-0.000051,0.001643
0.639995,-0.000059,-0.001559,-0.000023,0.001559
0.644995,-0.000058,-0.001409,0.000007,0.001409
0.649995,-0.000059,-0.001312,0.000031,0.001312
0.654995,-0.000060,-0.001163,0.000071,0.001163
0.659995,-0.000063,-0.001069,0.000096,0.001069
0.664995,-0.000067,-0.000927,0.000103,0.000927
0.669995,-0.000070,-0.000835,0.000092,0.000835
0.674995,-0.000071,-0.000681,0.000074,0.000681
0.679995,-0.000071,-0.000571,0.000054,0.000571
0.684995,-0.000071,-0.000408,0.000033,0.000408
0.689995,-0.000071,-0.000289,0.000019,0.000289
0.694995,-0.000073,-0.000146,-0.000010,0.000146
0.699995,-0.000075,-0.000082,-0.000041,0.000082
0.704994,-0.000079,0.000009,-0.000049,0.000079
0.709994,-0.000081,0.000069,-0.000035,0.000081
0.714994,-0.000084,0.000142,-0.000014,0.000142
0.719994,-0.000085,0.000177,-0.000013,0.000177
0.724994,-0.000087,0.000210,0.000014,0.000210
0.729994,-0.000087,0.000232,0.000050,0.000232
0.734994,-0.000086,0.000258,0.000095,0.000258
0.739994,-0.000085,0.000295,0.000090,0.000295
0.744994,-0.000084,0.000359,0.000068,0.000359
0.749994,-0.000083,0.000407,0.000047,0.000407
0.754994,-0.000082,0.000490,0.000025,0.000490
0.759994,-0.000082,0.000557,0.000011,0.000557
0.764994,-0.000081,0.000641,-0.000016,0.000641
0.769994,-0.000081,0.000688,-0.000023,0.000688
0.774994,-0.000081,0.000745,-0.000018,0.000745
0.779994,-0.000081,0.000777,-0.000007,0.000777
0.784993,-0.000083,0.000811,0.000016,0.000811
0.789993,-0.000083,0.000844,0.000032,0.000844
0.794993,-0.000083,0.000875,0.000057,0.000875
0.799993,-0.000083,0.000901,0.000076,0.000901
0.804993,-0.000083,0.000913,0.000102,0.000913
0.809993,-0.000082,0.000913,0.000105,0.000913
0.814993,-0.000082,0.000901,0.000085,0.000901
0.819993,-0.000080,0.000882,0.000082,0.000882
0.824993,-0.000079,0.000869,0.000082,0.000869
0.829993,-0.000079,0.000844,0.000081,0.000844
0.834993,-0.000081,0.000810,0.000061,0.000810
0.839993,-0.000081,0.000790,0.000058,0.000790
0.844993,-0.000082,0.000789,0.000070,0.000789
0.849993,-0.000082,0.000800,0.000066,0.000800
0.854993,-0.000083,0.000825,0.000044,0.000825
0.859993,-0.000083,0.000827,0.000015,0.000827
0.864992,-0.000084,0.000811,-0.000006,0.000811
0.869992,-0.000084,0.000808,-0.000018,0.000808
0.874992,-0.000084,0.000793,-0.000025,0.000793
0.879992,-0.000084,0.000792,-0.000032,0.000792
0.884992,-0.000085,0.000804,-0.000035,0.000804
0.889992,-0.000086,0.000809,-0.000042,0.000809
0.894992,-0.000087,0.000805,-0.000048,0.000805
0.899992,-0.000089,0.000798,-0.000056,0.000798
0.904992,-0.000089,0.000784,-0.000064,0.000784
0.909992,-0.000089,0.000775,-0.000158,0.000775
0.914992,-0.000088,0.000762,-0.000520,0.000762
0.919992,-0.000089,0.000746,-0.000940,0.000940
0.924992,-0.000091,0.000683,-0.001931,0.001931
0.929992,-0.000092,0.000658,-0.002802,0.002802
0.934992,-0.000096,0.000637,-0.004349,0.004349
0.939991,-0.000099,0.000607,-0.005512,0.005512
0.944991,-0.000103,0.000554,-0.007377,0.007377
0.949991,-0.000104,0.000518,-0.008623,0.008623
0.954991,-0.000105,0.000470,-0.010298,0.010298
0.959991,-0.000103,0.000436,-0.011149,0.011149
0.964991,-0.000093,0.000374,-0.011932,0.011932
0.969991,-0.000086,0.000339,-0.012124,0.012124
0.974991,-0.000074,0.000289,-0.011940,0.011940
0.979991,-0.000071,0.000275,-0.011561,0.011561
0.984991,-0.000071,0.000270,-0.010720,0.010720
0.989991,-0.000074,0.000275,-0.010029,0.010029
0.994991,-0.000090,0.000305,-0.008895,0.008895
0.999991,-0.000108,0.000339,-0.008118,0.008118
1.004991,-0.000135,0.000387,-0.006987,0.006987
1.009991,-0.000152,0.000413,-0.006288,0.006288
1.014991,-0.000166,0.000427,-0.005399,0.005399
1.019992,-0.000168,0.000425,-0.004912,0.004912
1.024992,-0.000169,0.000422,-0.004332,0.004332
1.029992,-0.000157,0.000400,-0.004050,0.004050
1.034992,-0.000136,0.000358,-0.003755,0.003755
1.039993,-0.000117,0.000326,-0.003605,0.003605
1.044993,-0.000082,0.000273,-0.003184,0.003184
1.049993,-0.000058,0.000236,-0.002656,0.002656
1.054993,-0.000028,0.000188,-0.001420,0.001420
1.059994,-0.000009,0.000159,-0.000321,0.000321
1.064994,0.000017,0.000123,0.001689,0.001689
1.069994,0.000025,0.000109,0.003220,0.003220
1.074994,0.000035,0.000094,0.005694,0.005694
1.079994,0.000041,0.000085,0.007425,0.007425
1.084995,0.000040,0.000084,0.010075,0.010075
1.089995,0.000039,0.000084,0.011833,0.011833
1.094995,0.000037,0.000082,0.014414,0.014414
1.099995,0.000035,0.000085,0.016075,0.016075
1.104996,0.000015,0.000145,0.018352,0.018352
1.109996,0.000002,0.000202,0.019510,0.019510
1.114996,-0.000011,0.000305,0.020491,0.020491
1.119996,-0.000014,0.000374,0.020602,0.020602
1.124997,-0.000008,0.000460,0.020105,0.020105
1.129997,0.000001,0.000512,0.019433,0.019433
1.134997,0.000016,0.000561,0.018013,0.018013
1.139997,0.000028,0.000588,0.016872,0.016872
1.144997,0.000048,0.000629,0.014975,0.014975
1.149998,0.000062,0.000650,0.013669,0.013669
1.154998,0.000075,0.000660,0.011702,0.011702
1.159998,0.000078,0.000650,0.010402,0.010402
1.164998,0.000068,0.000604,0.008528,0.008528
1.169999,0.000044,0.000530,0.007388,0.007388
1.174999,-0.000003,0.000402,0.005912,0.005912
1.179999,-0.000040,0.000316,0.005113,0.005113
1.184999,-0.000095,0.000195,0.004186,0.004186
1.190000,-0.000120,0.000144,0.003749,0.003749
1.195000,-0.000154,0.000082,0.003351,0.003351
1.200000,-0.000181,0.000032,0.003221,0.003221
1.205000,-0.000213,-0.000025,0.003194,0.003194
1.210001,-0.000225,-0.000046,0.003229,0.003229
1.215001,-0.000250,-0.000086,0.003302,0.003302
1.220001,-0.000261,-0.000106,0.003333,0.003333
1.225001,-0.000263,-0.000115,0.003295,0.003295
1.230001,-0.000261,-0.000116,0.003176,0.003176
1.235002,-0.000251,-0.000103,0.002817,0.002817
1.240002,-0.000242,-0.000089,0.002457,0.002457
1.245002,-0.000216,-0.000052,0.001754,0.001754
1.250002,-0.000195,-0.000023,0.001193,0.001193
1.255003,-0.000186,-0.000010,0.000249,0.000249
1.260003,-0.000187,-0.000011,-0.000416,0.000416
1.265003,-0.000189,-0.000014,-0.001415,0.001415
1.270003,-0.000183,-0.000007,-0.002044,0.002044
1.275004,-0.000179,-0.000003,-0.002885,0.002885
1.280004,-0.000180,-0.000005,-0.003350,0.003350
1.285004,-0.000185,-0.000012,-0.003944,0.003944
1.290004,-0.000197,-0.000029,-0.004289,0.004289
1.295004,-0.000201,-0.000040,-0.004705,0.004705
1.300005,-0.000196,-0.000031,-0.004908,0.004908
1.305005,-0.000184,-0.000011,-0.005101,0.005101
1.310005,-0.000180,-0.000001,-0.005191,0.005191
1.315005,-0.000192,-0.000020,-0.005244,0.005244
1.320006,-0.000207,-0.000047,-0.005240,0.005240
1.325006,-0.000228,-0.000089,-0.005186,0.005186
1.330006,-0.000238,-0.000106,-0.005146,0.005146
1.335006,-0.000240,-0.000111,-0.005074,0.005074
1.340007,-0.000243,-0.000119,-0.005019,0.005019
1.345007,-0.000238,-0.000109,-0.004918,0.004918
1.350007,-0.000230,-0.000089,-0.004863,0.004863
1.355007,-0.000223,-0.000067,-0.004797,0.004797
1.360008,-0.000224,-0.000068,-0.004777,0.004777
1.365008,-0.000223,-0.000067,-0.004748,0.004748
1.370008,-0.000220,-0.000063,-0.004719,0.004719
1.375008,-0.000209,-0.000026,-0.004659,0.004659
1.380008,-0.000201,-0.000005,-0.004612,0.004612
1.385009,-0.000195,0.000010,-0.004548,0.004548
1.390009,-0.000193,0.000012,-0.004507,0.004507
1.395009,-0.000196,-0.000007,-0.004430,0.004430
1.400009,-0.000200,-0.000026,-0.004373,0.004373
1.405010,-0.000202,-0.000045,-0.004289,0.004289
1.410010,-0.000199,-0.000042,-0.004231,0.004231
1.415010,-0.000190,-0.000025,-0.004118,0.004118
1.420010,-0.000187,-0.000032,-0.004039,0.004039
1.425011,-0.000185,-0.000036,-0.003935,0.003935
1.430011,-0.000183,-0.000037,-0.003870,0.003870
1.435011,-0.000183,-0.000043,-0.003757,0.003757
1.440011,-0.000186,-0.000056,-0.003688,0.003688
1.445011,-0.000192,-0.000107,-0.003574,0.003574
1.450012,-0.000195,-0.000134,-0.003493,0.003493
1.455012,-0.000199,-0.000147,-0.003364,0.003364
1.460012,-0.000199,-0.000143,-0.003280,0.003280
1.465012,-0.000198,-0.000124,-0.003140,0.003140
1.470013,-0.000196,-0.000100,-0.003032,0.003032
1.475013,-0.000196,-0.000065,-0.002885,0.002885
1.480013,-0.000197,-0.000048,-0.002796,0.002796
1.485013,-0.000197,-0.000036,-0.002659,0.002659
1.490014,-0.000198,-0.000017,-0.002572,0.002572
1.495014,-0.000198,0.000029,-0.002403,0.002403
1.500014,-0.000199,0.000066,-0.002285,0.002285
1.505014,-0.000201,0.000120,-0.002119,0.002119
1.510015,-0.000200,0.000146,-0.002012,0.002012
1.515015,-0.000198,0.000149,-0.001861,0.001861
1.520015,-0.000197,0.000145,-0.001770,0.001770
1.525015,-0.000196,0.000119,-0.001623,0.001623
1.530015,-0.000193,0.000080,-0.001551,0.001551
1.535016,-0.000190,0.000027,-0.001467,0.001467
1.540016,-0.000190,0.000012,-0.001408,0.001408
1.545016,-0.000191,-0.000005,-0.001311,0.001311
1.550016,-0.000191,-0.000015,-0.001231,0.001231
1.555017,-0.000190,-0.000030,-0.001090,0.001090
1.560017,-0.000191,-0.000030,-0.000993,0.000993
1.565017,-0.000193,-0.000050,-0.000851,0.000851
1.570017,-0.000197,-0.000052,-0.000740,0.000740
1.575018,-0.000204,-0.000047,-0.000573,0.000573
1.580018,-0.000207,-0.000047,-0.000470,0.000470
1.585018,-0.000212,-0.000044,-0.000352,0.000352
1.590018,-0.000213,-0.000050,-0.000291,0.000291
1.595019,-0.000214,-0.000060,-0.000225,0.000225
1.600019,-0.000216,-0.000050,-0.000178,0.000216
1.605019,-0.000217,-0.000039,-0.000094,0.000217
1.610019,-0.000220,-0.000011,-0.000046,0.000220
1.615019,-0.000223,0.000022,0.000029,0.000223
1.620020,-0.000223,0.000032,0.000062,0.000223
1.625020,-0.000225,0.000059,0.000141,0.000225
1.630020,-0.000228,0.000088,0.000193,0.000228
1.635020,-0.000235,0.000153,0.000234,0.000235
1.640021,-0.000241,0.000198,0.000254,0.000254
1.645021,-0.000246,0.000228,0.000304,0.000304
1.650021,-0.000246,0.000225,0.000335,0.000335
1.655021,-0.000247,0.000234,0.000381,0.000381
1.660022,-0.000246,0.000233,0.000434,0.000434
1.665022,-0.000241,0.000206,0.000516,0.000516
1.670022,-0.000238,0.000194,0.000583,0.000583
1.675022,-0.000233,0.000161,0.000679,0.000679
1.680022,-0.000228,0.000129,0.000730,0.000730
1.685023,-0.000221,0.000062,0.000760,0.000760
1.690023,-0.000215,0.000006,0.000770,0.000770
1.695023,-0.000211,-0.000050,0.000793,0.000793
1.700023,-0.000209,-0.000070,0.000800,0.000800
1.705024,-0.000207,-0.000088,0.000810,0.000810
1.710024,-0.000209,-0.000078,0.000812,0.000812
1.715024,-0.000213,-0.000057,0.000808,0.000808
1.720024,-0.000213,-0.000052,0.000806,0.000806
1.725025,-0.000217,-0.000018,0.000797,0.000797
1.730025,-0.000220,0.000020,0.000784,0.000784
1.735025,-0.000228,0.000102,0.000778,0.000778
1.740025,-0.000233,0.000145,0.000771,0.000771
1.745026,-0.000237,0.000187,0.000783,0.000783
1.750026,-0.000240,0.000214,0.000797,0.000797
1.755026,-0.000239,0.000203,0.000832,0.000832
1.760026,-0.000236,0.000177,0.000852,0.000852
1.765026,-0.000234,0.000136,0.000871,0.000871
1.770027,-0.000233,0.000103,0.000874,0.000874
1.775027,-0.000234,0.000075,0.000867,0.000867
1.780027,-0.000233,0.000069,0.000852,0.000852
1.785027,-0.000234,0.000077,0.000843,0.000843
1.790028,-0.000234,0.000083,0.000834,0.000834
1.795028,-0.000234,0.000077,0.000831,0.000831
1.800028,-0.000235,0.000085,0.000812,0.000812
1.805028,-0.000236,0.000087,0.000773,0.000773
1.810029,-0.000238,0.000120,0.000702,0.000702
1.815029,-0.000250,0.000360,0.000403,0.000403
1.820029,-0.000266,0.000689,0.000067,0.000689
1.825029,-0.000295,0.001369,-0.000618,0.001369
1.830029,-0.000320,0.001939,-0.001209,0.001939
1.835030,-0.000370,0.002923,-0.002240,0.002923
1.840030,-0.000416,0.003655,-0.002989,0.003655
1.845030,-0.000507,0.004792,-0.004200,0.004792
1.850030,-0.000588,0.005580,-0.005029,0.005580
1.855031,-0.000744,0.006754,-0.006268,0.006754
1.860031,-0.000878,0.007539,-0.007101,0.007539
1.865031,-0.001127,0.008689,-0.008338,0.008689
1.870031,-0.001317,0.009381,-0.009110,0.009381
1.875032,-0.001606,0.010168,-0.010036,0.010168
1.880032,-0.001781,0.010499,-0.010456,0.010499
1.885032,-0.001984,0.010689,-0.010794,0.010794
1.890032,-0.002058,0.010608,-0.010830,0.010830
1.895033,-0.002065,0.010246,-0.010594,0.010594
1.900033,-0.001994,0.009875,-0.010271,0.010271
1.905033,-0.001769,0.009164,-0.009573,0.009573
1.910033,-0.001554,0.008643,-0.009025,0.009025
1.915033,-0.001185,0.007886,-0.008144,0.008144
1.920034,-0.000911,0.007401,-0.007537,0.007537
1.925034,-0.000324,0.006518,-0.006360,0.006518
1.930034,0.000218,0.005797,-0.005296,0.005797
1.935034,0.001248,0.004554,-0.003296,0.004554
1.940035,0.002033,0.003666,-0.001785,0.003666
1.945035,0.003340,0.002230,0.000680,0.003340
1.950035,0.004252,0.001239,0.002418,0.004252
1.955035,0.005644,-0.000312,0.005049,0.005644
1.960036,0.006566,-0.001392,0.006803,0.006803
1.965036,0.007885,-0.003069,0.009387,0.009387
1.970036,0.008705,-0.004234,0.011078,0.011078
1.975036,0.009798,-0.006048,0.013507,0.013507
1.980036,0.010410,-0.007294,0.015009,0.015009
1.985037,0.011086,-0.009137,0.017020,0.017020
1.990037,0.011369,-0.010338,0.018202,0.018202
1.995037,0.011530,-0.012047,0.019704,0.019704
2.000037,0.011469,-0.013094,0.020544,0.020544
2.005037,0.011156,-0.014514,0.021571,0.021571
2.010037,0.010804,-0.015264,0.022064,0.022064
2.015036,0.010115,-0.015941,0.022383,0.022383
2.020036,0.009601,-0.016074,0.022342,0.022342
2.025036,0.008838,-0.015815,0.021929,0.021929
2.030035,0.008377,-0.015386,0.021476,0.021476
2.035035,0.007806,-0.014441,0.020610,0.020610
2.040035,0.007520,-0.013675,0.019922,0.019922
2.045034,0.007251,-0.012374,0.018764,0.018764
2.050034,0.007176,-0.011457,0.017935,0.017935
2.055033,0.007209,-0.010062,0.016637,0.016637
2.060033,0.007316,-0.009149,0.015745,0.015745
2.065033,0.007586,-0.007840,0.014382,0.014382
2.070032,0.007828,-0.007010,0.013470,0.013470
2.075032,0.008253,-0.005859,0.012107,0.012107
2.080032,0.008564,-0.005161,0.011190,0.011190
2.085031,0.009083,-0.004180,0.009786,0.009786
2.090031,0.009487,-0.003531,0.008822,0.009487
2.095031,0.010206,-0.002531,0.007259,0.010206
2.100030,0.010755,-0.001850,0.006156,0.010755
2.105030,0.011709,-0.000770,0.004354,0.011709
2.110029,0.012405,-0.000026,0.003084,0.012405
2.115029,0.013500,0.001108,0.001165,0.013500
2.120029,0.014245,0.001872,-0.000115,0.014245
2.125028,0.015334,0.003010,-0.001978,0.015334
2.130028,0.016016,0.003749,-0.003137,0.016016
2.135028,0.016903,0.004769,-0.004649,0.016903
2.140027,0.017367,0.005349,-0.005472,0.017367
2.145027,0.017871,0.006054,-0.006339,0.017871
2.150027,0.018073,0.006387,-0.006661,0.018073
2.155026,0.018208,0.006699,-0.006813,0.018208
2.160026,0.018190,0.006761,-0.006722,0.018190
2.165025,0.018052,0.006675,-0.006377,0.018052
2.170025,0.017921,0.006541,-0.006058,0.017921
2.175025,0.017682,0.006235,-0.005522,0.017682
2.180024,0.017508,0.005983,-0.005141,0.017508
2.185024,0.017269,0.005615,-0.004553,0.017269
2.190024,0.017124,0.005379,-0.004165,0.017124
2.195023,0.016933,0.005058,-0.003643,0.016933
2.200023,0.016830,0.004893,-0.003348,0.016830
2.205023,0.016710,0.004724,-0.003013,0.016710
2.210022,0.016652,0.004665,-0.002863,0.016652
2.215022,0.016581,0.004623,-0.002737,0.016581
2.220021,0.016544,0.004624,-0.002712,0.016544
2.225021,0.016496,0.004659,-0.002723,0.016496
2.230021,0.016471,0.004709,-0.002765,0.016471
2.235020,0.016433,0.004789,-0.002849,0.016433
2.240020,0.016407,0.004838,-0.002902,0.016407
2.245020,0.016363,0.004898,-0.002937,0.016363
2.250019,0.016330,0.004919,-0.002929,0.016330
2.255019,0.016278,0.004915,-0.002876,0.016278
2.260019,0.016245,0.004907,-0.002833,0.016245
2.265018,0.016193,0.004856,-0.002734,0.016193
2.270018,0.016157,0.004796,-0.002658,0.016157
2.275017,0.016107,0.004691,-0.002526,0.016107
2.280017,0.016075,0.004608,-0.002438,0.016075
2.285017,0.016029,0.004456,-0.002323,0.016029
2.290016,0.016001,0.004359,-0.002244,0.016001
2.295016,0.015961,0.004194,-0.002102,0.015961
2.300016,0.015938,0.004092,-0.002012,0.015938
2.305015,0.015908,0.003918,-0.001877,0.015908
2.310015,0.015892,0.003813,-0.001790,0.015892
2.315015,0.015872,0.003670,-0.001664,0.015872
2.320014,0.015861,0.003576,-0.001571,0.015861
2.325014,0.015850,0.003448,-0.001420,0.015850
2.330014,0.015845,0.003382,-0.001320,0.015845
2.335013,0.015838,0.003271,-0.001196,0.015838
2.340013,0.015834,0.003187,-0.001136,0.015834
2.345012,0.015830,0.003068,-0.001046,0.015830
2.350012,0.015827,0.002988,-0.000997,0.015827
2.355012,0.015825,0.002865,-0.000921,0.015825
2.360011,0.015826,0.002774,-0.000855,0.015826
2.365011,0.015829,0.002644,-0.000750,0.015829
2.370011,0.015831,0.002563,-0.000686,0.015831
2.375010,0.015839,0.002443,-0.000578,0.015839
2.380010,0.015846,0.002352,-0.000499,0.015846
2.385010,0.015858,0.002228,-0.000395,0.015858
2.390009,0.015868,0.002139,-0.000301,0.015868
2.395009,0.015885,0.001998,-0.000185,0.015885
2.400008,0.015897,0.001900,-0.000101,0.015897
2.405008,0.015916,0.001740,0.000007,0.015916
2.410008,0.015930,0.001628,0.000075,0.015930
2.415007,0.015951,0.001475,0.000166,0.015951
2.420007,0.015967,0.001365,0.000245,0.015967
2.425007,0.015991,0.001203,0.000366,0.015991
2.430006,0.016006,0.001111,0.000433,0.016006
2.435006,0.016027,0.001001,0.000515,0.016027
2.440006,0.016041,0.000928,0.000572,0.016041
2.445005,0.016062,0.000823,0.000647,0.016062
2.450005,0.016075,0.000764,0.000696,0.016075
2.455004,0.016092,0.000690,0.000751,0.016092
2.460004,0.016102,0.000645,0.000798,0.016102
2.465004,0.016119,0.000551,0.000857,0.016119
2.470003,0.016132,0.000493,0.000898,0.016132
2.475003,0.016145,0.000445,0.000975,0.016145
2.480003,0.016154,0.000404,0.001017,0.016154
2.485002,0.016169,0.000330,0.001059,0.016169
2.490002,0.016180,0.000271,0.001087,0.016180
2.495002,0.016190,0.000214,0.001159,0.016190
2.500001,0.016197,0.000178,0.001230,0.016197
2.505001,0.016205,0.000138,0.001334,0.016205
2.510000,0.016210,0.000112,0.001389,0.016210
2.515000,0.016218,0.000073,0.001419,0.016218
2.520000,0.016225,0.000040,0.001423,0.016225
2.524999,0.016234,-0.000014,0.001399,0.016234
2.529999,0.016241,-0.000059,0.001380,0.016241
2.534999,0.016250,-0.000118,0.001377,0.016250
2.539998,0.016255,-0.000142,0.001369,0.016255
2.544998,0.016259,-0.000155,0.001347,0.016259
2.549998,0.016262,-0.000162,0.001340,0.016262
2.554997,0.016268,-0.000203,0.001367,0.016268
2.559997,0.016270,-0.000208,0.001383,0.016270
2.564996,0.016274,-0.000199,0.001413,0.016274
2.569996,0.016275,-0.000178,0.001445,0.016275
2.574996,0.016277,-0.000130,0.001493,0.016277
2.579995,0.016279,-0.000114,0.001503,0.016279
2.584995,0.016282,-0.000122,0.001489,0.016282
2.589995,0.016286,-0.000151,0.001498,0.016286
2.594994,0.016290,-0.000179,0.001517,0.016290
2.599994,0.016292,-0.000189,0.001522,0.016292
2.604994,0.016294,-0.000199,0.001526,0.016294
2.609993,0.016296,-0.000214,0.001524,0.016296
2.614993,0.016298,-0.000230,0.001507,0.016298
2.619992,0.016297,-0.000226,0.001501,0.016297
2.624992,0.016296,-0.000213,0.001508,0.016296
2.629992,0.016293,-0.000202,0.001514,0.016293
2.634991,0.016288,-0.000155,0.001544,0.016288
2.639991,0.016286,-0.000114,0.001552,0.016286
2.644991,0.016283,-0.000058,0.001558,0.016283
2.649990,0.016281,-0.000024,0.001547,0.016281
2.654990,0.016281,0.000006,0.001516,0.016281
2.659990,0.016282,0.000019,0.001474,0.016282
2.664989,0.016281,0.000043,0.001405,0.016281
2.669989,0.016280,0.000065,0.001338,0.016280
2.674989,0.016277,0.000105,0.001248,0.016277
2.679988,0.016277,0.000123,0.001213,0.016277
2.684988,0.016278,0.000145,0.001153,0.016278
2.689987,0.016279,0.000153,0.001129,0.016279
2.694987,0.016282,0.000150,0.001113,0.016282
2.699987,0.016283,0.000149,0.001120,0.016283
2.704986,0.016284,0.000144,0.001146,0.016284
2.709986,0.016286,0.000139,0.001166,0.016286
2.714986,0.016294,0.000133,0.001189,0.016294
2.719985,0.016305,0.000151,0.001196,0.016305
2.724985,0.016326,0.000173,0.001211,0.016326
2.729985,0.016345,0.000194,0.001212,0.016345
2.734984,0.016382,0.000226,0.001212,0.016382
2.739984,0.016412,0.000261,0.001198,0.016412
2.744983,0.016463,0.000320,0.001176,0.016463
2.749983,0.016502,0.000357,0.001144,0.016502
2.754983,0.016566,0.000382,0.001113,0.016566
2.759982,0.016615,0.000382,0.001100,0.016615
2.764982,0.016694,0.000382,0.001069,0.016694
2.769982,0.016751,0.000382,0.001060,0.016751
2.774981,0.016841,0.000375,0.001069,0.016841
2.779981,0.016902,0.000383,0.001074,0.016902
2.784981,0.016997,0.000393,0.001049,0.016997
2.789980,0.017065,0.000401,0.001031,0.017065
2.794980,0.017170,0.000409,0.000993,0.017170
2.799979,0.017243,0.000399,0.000977,0.017243
2.804979,0.017355,0.000384,0.000967,0.017355
2.809979,0.017430,0.000389,0.000954,0.017430
2.814978,0.017546,0.000404,0.000948,0.017546
2.819978,0.017624,0.000426,0.000956,0.017624
2.824978,0.017742,0.000448,0.000964,0.017742
2.829977,0.017821,0.000449,0.000973,0.017821
2.834977,0.017941,0.000448,0.000964,0.017941
2.839977,0.018022,0.000437,0.000949,0.018022
2.844976,0.018144,0.000435,0.000946,0.018144
2.849976,0.018226,0.000443,0.000939,0.018226
2.854975,0.018347,0.000462,0.000925,0.018347
2.859975,0.018428,0.000468,0.000904,0.018428
2.864975,0.018547,0.000470,0.000868,0.018547
2.869974,0.018625,0.000467,0.000843,0.018625
2.874974,0.018740,0.000436,0.000801,0.018740
2.879974,0.018817,0.000422,0.000797,0.018817
2.884973,0.018930,0.000387,0.000837,0.018930
2.889973,0.019004,0.000369,0.000879,0.019004
2.894973,0.019113,0.000383,0.000944,0.019113
2.899972,0.019186,0.000396,0.000963,0.019186
2.904972,0.019296,0.000430,0.000983,0.019296
2.909971,0.019368,0.000460,0.000984,0.019368
2.914971,0.019476,0.000491,0.000984,0.019476
2.919971,0.019546,0.000505,0.000985,0.019546
2.924970,0.019650,0.000498,0.000952,0.019650
2.929970,0.019718,0.000516,0.000914,0.019718
2.934970,0.019821,0.000512,0.000865,0.019821
2.939969,0.019889,0.000479,0.000817,0.019889
2.944969,0.019988,0.000432,0.000738,0.019988
2.949969,0.020053,0.000406,0.000691,0.020053
2.954968,0.020150,0.000379,0.000653,0.020150
2.959968,0.020212,0.000368,0.000657,0.020212
2.964967,0.020305,0.000349,0.000674,0.020305
2.969967,0.020365,0.000350,0.000684,0.020365
2.974967,0.020454,0.000393,0.000710,0.020454
2.979966,0.020512,0.000430,0.000749,0.020512
2.984966,0.020598,0.000468,0.000822,0.020598
2.989966,0.020653,0.000487,0.000865,0.020653
2.994965,0.020737,0.000507,0.000917,0.020737
2.999965,0.020792,0.000506,0.000932,0.020792
3.004965,0.020874,0.000484,0.000942,0.020874
3.009964,0.020929,0.000471,0.000940,0.020929
3.014964,0.021011,0.000435,0.000927,0.021011
3.019964,0.021067,0.000410,0.000934,0.021067
3.024963,0.021153,0.000357,0.000933,0.021153
3.029963,0.021212,0.000344,0.000941,0.021212
3.034962,0.021304,0.000314,0.000958,0.021304
3.039962,0.021366,0.000298,0.000956,0.021366
3.044962,0.021461,0.000296,0.000966,0.021461
3.049961,0.021525,0.000293,0.000965,0.021525
3.054961,0.021624,0.000250,0.000985,0.021624
3.059961,0.021690,0.000218,0.001006,0.021690
3.064960,0.021793,0.000176,0.001032,0.021793
3.069960,0.021862,0.000159,0.001041,0.021862
3.074960,0.021967,0.000133,0.001024,0.021967
3.079959,0.022037,0.000117,0.001014,0.022037
3.084959,0.022144,0.000092,0.001011,0.022144
3.089958,0.022216,0.000104,0.000995,0.022216
3.094958,0.022324,0.000111,0.000966,0.022324
3.099958,0.022398,0.000091,0.000943,0.022398
3.104957,0.022508,0.000032,0.000922,0.022508
3.109957,0.022583,-0.000003,0.000905,0.022583
3.114957,0.022695,-0.000067,0.000879,0.022695
3.119956,0.022768,-0.000116,0.000882,0.022768
3.124956,0.022876,-0.000174,0.000911,0.022876
3.129956,0.022947,-0.000213,0.000937,0.022947
3.134955,0.023053,-0.000240,0.001010,0.023053
3.139955,0.023123,-0.000238,0.001057,0.023123
3.144954,0.023226,-0.000248,0.001119,0.023226
3.149954,0.023295,-0.000260,0.001143,0.023295
3.154954,0.023400,-0.000247,0.001150,0.023400
3.159953,0.023469,-0.000238,0.001145,0.023469
3.164953,0.023569,-0.000220,0.001117,0.023569
3.169953,0.023635,-0.000209,0.001106,0.023635
3.174952,0.023732,-0.000204,0.001088,0.023732
3.179952,0.023796,-0.000211,0.001077,0.023796
3.184952,0.023892,-0.000233,0.001058,0.023892
3.189951,0.023955,-0.000252,0.001028,0.023955
3.194951,0.024049,-0.000285,0.000952,0.024049
3.199950,0.024112,-0.000330,0.000904,0.024112
3.204950,0.024204,-0.000396,0.000854,0.024204
3.209950,0.024265,-0.000441,0.000817,0.024265
3.214949,0.024349,-0.000480,0.000799,0.024349
3.219949,0.024402,-0.000504,0.000790,0.024402
3.224949,0.024473,-0.000569,0.000766,0.024473
3.229948,0.024515,-0.000602,0.000758,0.024515
3.234948,0.024570,-0.000668,0.000749,0.024570
3.239948,0.024602,-0.000707,0.000735,0.024602
3.244947,0.024642,-0.000769,0.000709,0.024642
3.249947,0.024664,-0.000794,0.000710,0.024664
3.254946,0.024691,-0.000836,0.000708,0.024691
3.259946,0.024705,-0.000847,0.000717,0.024705
3.264946,0.024721,-0.000843,0.000730,0.024721
3.269945,0.024729,-0.000845,0.000725,0.024729
3.274945,0.024735,-0.000867,0.000712,0.024735
3.279945,0.024735,-0.000878,0.000708,0.024735
3.284944,0.024732,-0.000886,0.000724,0.024732
3.289944,0.024729,-0.000873,0.000720,0.024729
3.294944,0.024719,-0.000865,0.000713,0.024719
3.299943,0.024711,-0.000858,0.000710,0.024711
3.304943,0.024695,-0.000858,0.000680,0.024695
3.309942,0.024683,-0.000864,0.000652,0.024683
3.314942,0.024662,-0.000900,0.000600,0.024662
3.319942,0.024647,-0.000900,0.000569,0.024647
3.324941,0.024621,-0.000903,0.000495,0.024621
3.329941,0.024602,-0.000905,0.000443,0.024602
3.334941,0.024572,-0.000917,0.000387,0.024572
3.339940,0.024551,-0.000942,0.000354,0.024551
3.344940,0.024518,-0.000962,0.000329,0.024518
3.349940,0.024496,-0.000954,0.000323,0.024496
3.354939,0.024462,-0.000946,0.000305,0.024462
3.359939,0.024438,-0.000965,0.000309,0.024438
3.364938,0.024402,-0.001004,0.000298,0.024402
3.369938,0.024379,-0.001027,0.000280,0.024379
3.374938,0.024342,-0.001055,0.000246,0.024342
3.379937,0.024318,-0.001061,0.000229,0.024318
3.384937,0.024279,-0.001055,0.000197,0.024279
3.389937,0.024253,-0.001033,0.000176,0.024253
3.394936,0.024212,-0.001020,0.000146,0.024212
3.399936,0.024186,-0.001015,0.000123,0.024186
3.404936,0.024150,-0.000990,0.000078,0.024150
3.409935,0.024126,-0.000975,0.000025,0.024126
3.414935,0.024089,-0.000994,-0.000052,0.024089
3.419935,0.024064,-0.001027,-0.000095,0.024064
3.424934,0.024027,-0.001051,-0.000152,0.024027
3.429934,0.024004,-0.001053,-0.000186,0.024004
3.434933,0.023968,-0.001054,-0.000221,0.023968
3.439933,0.023945,-0.001044,-0.000224,0.023945
3.444933,0.023911,-0.001021,-0.000221,0.023911
3.449932,0.023890,-0.001005,-0.000232,0.023890
3.454932,0.023858,-0.000977,-0.000240,0.023858
3.459932,0.023836,-0.000961,-0.000236,0.023836
3.464931,0.023804,-0.000964,-0.000235,0.023804
3.469931,0.023783,-0.000973,-0.000218,0.023783
3.474931,0.023751,-0.000973,-0.000202,0.023751
3.479930,0.023731,-0.000972,-0.000213,0.023731
3.484930,0.023700,-0.000979,-0.000237,0.023700
3.489929,0.023680,-0.000986,-0.000276,0.023680
3.494929,0.023650,-0.001009,-0.000317,0.023650
3.499929,0.023630,-0.001004,-0.000358,0.023630
3.504928,0.023602,-0.001001,-0.000376,0.023602
3.509928,0.023584,-0.001005,-0.000363,0.023584
3.514928,0.023558,-0.001015,-0.000332,0.023558
3.519927,0.023541,-0.001019,-0.000318,0.023541
3.524927,0.023514,-0.001013,-0.000334,0.023514
3.529927,0.023496,-0.000991,-0.000355,0.023496
3.534926,0.023469,-0.000934,-0.000386,0.023469
3.539926,0.023451,-0.000898,-0.000421,0.023451
3.544925,0.023425,-0.000846,-0.000490,0.023425
3.549925,0.023408,-0.000794,-0.000545,0.023408
3.554925,0.023385,-0.000746,-0.000602,0.023385
3.559924,0.023369,-0.000732,-0.000629,0.023369
3.564924,0.023345,-0.000710,-0.000683,0.023345
3.569924,0.023329,-0.000691,-0.000716,0.023329
3.574923,0.023305,-0.000677,-0.000753,0.023305
3.579923,0.023289,-0.000676,-0.000770,0.023289
3.584923,0.023265,-0.000664,-0.000787,0.023265
3.589922,0.023250,-0.000661,-0.000785,0.023250
3.594922,0.023228,-0.000657,-0.000784,0.023228
3.599921,0.023215,-0.000650,-0.000782,0.023215
3.604921,0.023195,-0.000654,-0.000792,0.023195
3.609921,0.023181,-0.000656,-0.000788,0.023181
3.614920,0.023162,-0.000664,-0.000804,0.023162
3.619920,0.023150,-0.000670,-0.000818,0.023150
3.624920,0.023134,-0.000678,-0.000807,0.023134
3.629919,0.023126,-0.000676,-0.000802,0.023126
3.634919,0.023117,-0.000661,-0.000806,0.023117
3.639919,0.023113,-0.000639,-0.000824,0.023113
3.644918,0.023108,-0.000594,-0.000826,0.023108
3.649918,0.023106,-0.000556,-0.000829,0.023106
3.654917,0.023104,-0.000530,-0.000832,0.023104
3.659917,0.023103,-0.000522,-0.000841,0.023103
3.664917,0.023105,-0.000498,-0.000852,0.023105
3.669916,0.023106,-0.000471,-0.000856,0.023106
3.674916,0.023109,-0.000460,-0.000855,0.023109
3.679916,0.023112,-0.000435,-0.000882,0.023112
3.684915,0.023118,-0.000391,-0.000911,0.023118
3.689915,0.023123,-0.000365,-0.000925,0.023123
3.694915,0.023134,-0.000329,-0.000958,0.023134
3.699914,0.023142,-0.000294,-0.000973,0.023142
3.704914,0.023155,-0.000231,-0.001000,0.023155
3.709913,0.023163,-0.000192,-0.001017,0.023163
3.714913,0.023177,-0.000165,-0.001038,0.023177
3.719913,0.023187,-0.000147,-0.001052,0.023187
3.724912,0.023200,-0.000109,-0.001057,0.023200
3.729912,0.023208,-0.000088,-0.001075,0.023208
3.734912,0.023222,-0.000060,-0.001119,0.023222
3.739911,0.023232,-0.000037,-0.001139,0.023232
3.744911,0.023246,-0.000011,-0.001159,0.023246
3.749911,0.023256,0.000000,-0.001161,0.023256
3.754910,0.023273,0.000009,-0.001150,0.023273
3.759910,0.023285,0.000006,-0.001142,0.023285
3.764910,0.023304,0.000022,-0.001118,0.023304
3.769909,0.023315,0.000032,-0.001111,0.023315
3.774909,0.023332,0.000062,-0.001086,0.023332
3.779908,0.023344,0.000094,-0.001065,0.023344
3.784908,0.023362,0.000152,-0.001029,0.023362
3.789908,0.023374,0.000195,-0.001009,0.023374
3.794907,0.023390,0.000249,-0.000991,0.023390
3.799907,0.023402,0.000256,-0.000962,0.023402
3.804907,0.023421,0.000250,-0.000917,0.023421
3.809906,0.023432,0.000244,-0.000894,0.023432
3.814906,0.023450,0.000243,-0.000888,0.023450
3.819906,0.023461,0.000258,-0.000887,0.023461
3.824905,0.023481,0.000263,-0.000901,0.023481
3.829905,0.023492,0.000272,-0.000901,0.023492
3.834904,0.023510,0.000292,-0.000906,0.023510
3.839904,0.023522,0.000293,-0.000918,0.023522
3.844904,0.023540,0.000338,-0.000937,0.023540
3.849903,0.023550,0.000361,-0.000938,0.023550
3.854903,0.023566,0.000386,-0.000938,0.023566
3.859903,0.023577,0.000420,-0.000914,0.023577
3.864902,0.023592,0.000474,-0.000871,0.023592
3.869902,0.023602,0.000512,-0.000852,0.023602
3.874902,0.023617,0.000555,-0.000832,0.023617
3.879901,0.023626,0.000569,-0.000829,0.023626
3.884901,0.023642,0.000562,-0.000831,0.023642
3.889900,0.023651,0.000529,-0.000839,0.023651
3.894900,0.023664,0.000491,-0.000825,0.023664
3.899900,0.023673,0.000465,-0.000813,0.023673
3.904899,0.023688,0.000427,-0.000818,0.023688
3.909899,0.023696,0.000411,-0.000815,0.023696
3.914899,0.023704,0.000424,-0.000783,0.023704
3.919898,0.023705,0.000455,-0.000759,0.023705
3.924898,0.023699,0.000502,-0.000735,0.023699
3.929898,0.023690,0.000533,-0.000719,0.023690
3.934897,0.023668,0.000603,-0.000700,0.023668
3.939897,0.023648,0.000671,-0.000677,0.023648
3.944896,0.023610,0.000767,-0.000640,0.023610
3.949896,0.023578,0.000815,-0.000625,0.023578
3.954896,0.023524,0.000894,-0.000608,0.023524
3.959895,0.023484,0.000920,-0.000596,0.023484
3.964895,0.023417,0.000933,-0.000592,0.023417
3.969895,0.023369,0.000936,-0.000603,0.023369
3.974894,0.023291,0.000919,-0.000618,0.023291
3.979894,0.023237,0.000925,-0.000612,0.023237
3.984894,0.023152,0.000906,-0.000600,0.023152
3.989893,0.023093,0.000883,-0.000577,0.023093
3.994893,0.023002,0.000880,-0.000534,0.023002
3.999892,0.022938,0.000878,-0.000498,0.022938
4.004892,0.022841,0.000887,-0.000433,0.022841
