time, Quad.Roll, Quad.Est.Roll, Quad.Pitch, Quad.Est.Pitch, Quad.Yaw, Quad.Est.Yaw
0.005000,0.000015,0.000018,-0.000025,-0.000033,0.000000,0.000000
0.010000,0.000055,0.000050,-0.000310,-0.000251,0.000002,0.000002
0.015000,0.000106,0.000110,-0.001403,-0.001577,0.000003,0.000004
0.020000,0.000123,0.000125,-0.004084,-0.003709,0.000001,0.000002
0.025000,0.000033,0.000018,-0.009178,-0.009839,-0.000009,-0.000010
0.030000,-0.000151,-0.000129,-0.017644,-0.016602,-0.000021,-0.000020
0.035000,-0.000431,-0.000467,-0.030239,-0.031723,-0.000031,-0.000036
0.040000,-0.000774,-0.000744,-0.047441,-0.045480,-0.000034,-0.000047
0.045000,-0.001094,-0.001127,-0.069604,-0.072083,-0.000024,-0.000059
0.050000,-0.001403,-0.001371,-0.096912,-0.093938,0.000007,-0.000062
0.055000,-0.001712,-0.001734,-0.129062,-0.132511,0.000059,-0.000060
0.060000,-0.002014,-0.001968,-0.165176,-0.161428,0.000134,-0.000054
0.065000,-0.002237,-0.002214,-0.204018,-0.208025,0.000229,-0.000043
0.070000,-0.002335,-0.002271,-0.244174,-0.240179,0.000340,-0.000029
0.075000,-0.002368,-0.002272,-0.284267,-0.288281,0.000468,0.000005
0.080000,-0.002411,-0.002271,-0.323038,-0.319323,0.000604,0.000035
0.085000,-0.002513,-0.002338,-0.359513,-0.363098,0.000743,0.000085
0.090000,-0.002648,-0.002405,-0.393066,-0.389952,0.000884,0.000120
0.095000,-0.002786,-0.002505,-0.423462,-0.426440,0.001024,0.000175
0.100000,-0.002927,-0.002571,-0.450584,-0.448147,0.001163,0.000214
0.105000,-0.003040,-0.002634,-0.474509,-0.476878,0.001298,0.000274
0.110000,-0.003120,-0.002650,-0.495503,-0.493679,0.001430,0.000316
0.115000,-0.003177,-0.002647,-0.513894,-0.515768,0.001555,0.000377
0.120000,-0.003245,-0.002657,-0.530026,-0.528678,0.001667,0.000414
0.125000,-0.003364,-0.002735,-0.544334,-0.545871,0.001766,0.000459
0.130000,-0.003485,-0.002795,-0.557259,-0.556215,0.001857,0.000485
0.135000,-0.003575,-0.002848,-0.569194,-0.570556,0.001942,0.000521
0.140000,-0.003596,-0.002830,-0.580397,-0.579533,0.002018,0.000540
0.145000,-0.003573,-0.002757,-0.590619,-0.591802,0.002086,0.000564
0.150000,-0.003460,-0.002642,-0.599009,-0.598545,0.002139,0.000576
0.155000,-0.003284,-0.002407,-0.604351,-0.604951,0.002174,0.000588
0.160000,-0.003040,-0.002206,-0.605426,-0.605838,0.002186,0.000593
0.165000,-0.002744,-0.001857,-0.601148,-0.600707,0.002176,0.000598
0.170000,-0.002418,-0.001606,-0.590687,-0.592359,0.002152,0.000603
0.175000,-0.002106,-0.001256,-0.573394,-0.571615,0.002116,0.000614
0.180000,-0.001853,-0.001075,-0.548821,-0.551971,0.002070,0.000622
0.185000,-0.001654,-0.000867,-0.516706,-0.513448,0.002018,0.000636
0.190000,-0.001439,-0.000716,-0.476976,-0.481672,0.001964,0.000646
0.195000,-0.001174,-0.000428,-0.429756,-0.425028,0.001911,0.000663
0.200000,-0.000880,-0.000206,-0.375284,-0.381453,0.001866,0.000675
0.205000,-0.000593,0.000126,-0.314091,-0.308056,0.001835,0.000694
0.210000,-0.000331,0.000332,-0.247428,-0.254702,0.001821,0.000708
0.215000,-0.000098,0.000609,-0.177239,-0.170524,0.001823,0.000727
0.220000,0.000041,0.000720,-0.105789,-0.113337,0.001831,0.000735
0.225000,0.000107,0.000798,-0.035174,-0.028628,0.001840,0.000738
0.230000,0.000092,0.000785,0.032927,0.025872,0.001845,0.000736
0.235000,0.000065,0.000751,0.097253,0.103046,0.001848,0.000734
0.240000,0.000033,0.000725,0.156855,0.150740,0.001851,0.000734
0.245000,-0.000001,0.000684,0.211234,0.215998,0.001854,0.000737
0.250000,-0.000005,0.000679,0.260162,0.255148,0.001858,0.000740
0.255000,0.000078,0.000776,0.303582,0.307267,0.001864,0.000746
0.260000,0.000241,0.000904,0.341560,0.337656,0.001877,0.000752
0.265000,0.000481,0.001182,0.374265,0.376922,0.001899,0.000762
0.270000,0.000758,0.001397,0.402084,0.399176,0.001925,0.000767
0.275000,0.001037,0.001721,0.425634,0.427465,0.001953,0.000773
0.280000,0.001350,0.001963,0.445692,0.443509,0.001983,0.000775
0.285000,0.001629,0.002279,0.463071,0.464392,0.002016,0.000780
0.290000,0.001827,0.002428,0.478548,0.476773,0.002049,0.000782
0.295000,0.001909,0.002508,0.492794,0.493891,0.002082,0.000785
0.300000,0.001896,0.002483,0.506266,0.504672,0.002114,0.000787
0.305000,0.001915,0.002490,0.519326,0.520363,0.002140,0.000784
0.310000,0.002001,0.002551,0.532188,0.530662,0.002161,0.000779
0.314999,0.002138,0.002705,0.544929,0.545967,0.002177,0.000764
0.319999,0.002323,0.002847,0.557575,0.556095,0.002194,0.000753
0.324999,0.002548,0.003105,0.570123,0.571167,0.002211,0.000734
0.329999,0.002812,0.003307,0.582456,0.581048,0.002233,0.000723
0.334999,0.003074,0.003604,0.594313,0.595285,0.002258,0.000705
0.339999,0.003291,0.003767,0.605288,0.604083,0.002283,0.000694
0.344999,0.003434,0.003924,0.614892,0.615613,0.002306,0.000678
0.349999,0.003488,0.003957,0.622644,0.621832,0.002324,0.000668
0.354999,0.003502,0.003970,0.628084,0.628369,0.002330,0.000651
0.359999,0.003491,0.003967,0.630884,0.630620,0.002321,0.000637
0.364999,0.003404,0.003879,0.630900,0.630654,0.002297,0.000615
0.369999,0.003241,0.003765,0.628050,0.628384,0.002259,0.000597
0.374999,0.003120,0.003655,0.622318,0.621525,0.002210,0.000571
0.379999,0.003116,0.003680,0.613927,0.614818,0.002148,0.000551
0.384999,0.003234,0.003870,0.603136,0.601888,0.002076,0.000522
0.389999,0.003398,0.004036,0.590281,0.591607,0.002000,0.000506
0.394998,0.003545,0.004262,0.575809,0.574261,0.001923,0.000488
0.399998,0.003643,0.004374,0.560110,0.561705,0.001844,0.000481
0.404998,0.003725,0.004522,0.543534,0.541834,0.001768,0.000475
0.409998,0.003767,0.004586,0.526358,0.528098,0.001689,0.000473
0.414998,0.003782,0.004651,0.508904,0.507171,0.001609,0.000468
0.419998,0.003768,0.004674,0.491400,0.493175,0.001526,0.000463
0.424998,0.003664,0.004596,0.474074,0.472402,0.001445,0.000454
0.429998,0.003501,0.004493,0.457086,0.458821,0.001370,0.000449
0.434998,0.003330,0.004323,0.440501,0.438934,0.001303,0.000445
0.439998,0.003148,0.004199,0.424235,0.425934,0.001245,0.000445
0.444998,0.002902,0.003927,0.408181,0.406683,0.001196,0.000449
0.449998,0.002601,0.003698,0.392201,0.393912,0.001156,0.000455
0.454998,0.002318,0.003374,0.376203,0.374729,0.001123,0.000466
0.459998,0.002079,0.003190,0.360124,0.361876,0.001096,0.000474
0.464998,0.001909,0.002995,0.343938,0.342469,0.001073,0.000487
0.469997,0.001819,0.002929,0.327664,0.329459,0.001051,0.000494
0.474997,0.001779,0.002892,0.311334,0.309878,0.001029,0.000504
0.479997,0.001773,0.002893,0.294962,0.296790,0.001006,0.000510
0.484997,0.001733,0.002853,0.278557,0.277119,0.000979,0.000514
0.489997,0.001624,0.002771,0.262111,0.263972,0.000953,0.000516
0.494997,0.001451,0.002571,0.245583,0.244152,0.000926,0.000516
0.499997,0.001229,0.002396,0.229007,0.230897,0.000904,0.000516
0.504997,0.001026,0.002160,0.212538,0.211150,0.000885,0.000517
0.509997,0.000912,0.002069,0.196316,0.198177,0.000871,0.000518
0.514997,0.000890,0.002045,0.180463,0.179166,0.000859,0.000521
0.519997,0.000937,0.002083,0.165082,0.166868,0.000850,0.000525
0.524997,0.001071,0.002245,0.150186,0.149001,0.000846,0.000538
0.529997,0.001269,0.002407,0.135732,0.137445,0.000842,0.000548
0.534997,0.001506,0.002694,0.121695,0.120608,0.000835,0.000563
0.539997,0.001830,0.002957,0.108105,0.109743,0.000823,0.000572
0.544997,0.002169,0.003366,0.094896,0.093897,0.000804,0.000581
0.549996,0.002533,0.003660,0.081997,0.083581,0.000777,0.000584
0.554996,0.002894,0.004095,0.069418,0.068489,0.000747,0.000589
0.559996,0.003191,0.004334,0.057091,0.058632,0.000719,0.000596
0.564996,0.003396,0.004581,0.045009,0.044136,0.000694,0.000614
0.569996,0.003499,0.004664,0.033194,0.034685,0.000675,0.000632
0.574996,0.003474,0.004632,0.021690,0.020882,0.000665,0.000667
0.579996,0.003253,0.004455,0.010540,0.011964,0.000659,0.000693
0.584996,0.002871,0.003997,-0.000223,-0.000950,0.000661,0.000735
0.589996,0.002384,0.003606,-0.010544,-0.009207,0.000673,0.000766
0.594996,0.001807,0.002914,-0.020422,-0.021060,0.000694,0.000817
0.599996,0.001151,0.002388,-0.029819,-0.028576,0.000725,0.000853
0.604996,0.000495,0.001602,-0.038745,-0.039289,0.000763,0.000907
0.609996,-0.000160,0.001079,-0.047196,-0.046051,0.000807,0.000943
0.614996,-0.000799,0.000317,-0.055227,-0.055692,0.000851,0.000992
0.619996,-0.001385,-0.000153,-0.062900,-0.061831,0.000896,0.001021
0.624996,-0.001877,-0.000740,-0.070247,-0.070651,0.000942,0.001062
0.629995,-0.002256,-0.001041,-0.077249,-0.076255,0.000985,0.001084
0.634995,-0.002530,-0.001365,-0.083914,-0.084257,0.001027,0.001115
0.639995,-0.002690,-0.001490,-0.090229,-0.089314,0.001071,0.001137
0.644995,-0.002760,-0.001568,-0.096130,-0.096400,0.001118,0.001174
0.649995,-0.002737,-0.001545,-0.101605,-0.100784,0.001166,0.001200
0.654995,-0.002614,-0.001391,-0.106646,-0.106841,0.001211,0.001237
0.659995,-0.002373,-0.001193,-0.111272,-0.110546,0.001247,0.001256
0.664995,-0.002092,-0.000853,-0.115484,-0.115607,0.001270,0.001273
0.669995,-0.001832,-0.000644,-0.119290,-0.118655,0.001283,0.001277
0.674995,-0.001619,-0.000388,-0.122676,-0.122724,0.001290,0.001278
0.679995,-0.001475,-0.000273,-0.125584,-0.125055,0.001294,0.001278
0.684995,-0.001397,-0.000179,-0.128024,-0.127989,0.001299,0.001279
0.689995,-0.001374,-0.000160,-0.129954,-0.129537,0.001303,0.001281
0.694995,-0.001427,-0.000223,-0.131430,-0.131317,0.001305,0.001281
0.699995,-0.001586,-0.000353,-0.132574,-0.132237,0.001298,0.001274
0.704994,-0.001805,-0.000618,-0.133448,-0.133293,0.001280,0.001250
0.709994,-0.001993,-0.000771,-0.134043,-0.133774,0.001253,0.001228
0.714994,-0.002111,-0.000920,-0.134396,-0.134206,0.001220,0.001188
0.719994,-0.002208,-0.001003,-0.134561,-0.134340,0.001179,0.001155
0.724994,-0.002259,-0.001069,-0.134607,-0.134402,0.001132,0.001099
0.729994,-0.002176,-0.001010,-0.134533,-0.134346,0.001083,0.001061
0.734994,-0.001959,-0.000756,-0.134371,-0.134159,0.001036,0.001005
0.739994,-0.001702,-0.000553,-0.134067,-0.133921,0.000994,0.000972
0.744994,-0.001503,-0.000321,-0.133576,-0.133337,0.000955,0.000927
0.749994,-0.001385,-0.000230,-0.132861,-0.132771,0.000920,0.000900
0.754994,-0.001342,-0.000182,-0.131908,-0.131635,0.000888,0.000864
0.759994,-0.001345,-0.000187,-0.130672,-0.130649,0.000858,0.000841
0.764994,-0.001427,-0.000289,-0.129184,-0.128868,0.000830,0.000810
0.769994,-0.001552,-0.000392,-0.127451,-0.127486,0.000803,0.000790
0.774994,-0.001689,-0.000558,-0.125537,-0.125194,0.000774,0.000760
0.779994,-0.001773,-0.000629,-0.123452,-0.123531,0.000744,0.000739
0.784993,-0.001808,-0.000673,-0.121246,-0.120890,0.000711,0.000704
0.789993,-0.001768,-0.000643,-0.118901,-0.119017,0.000675,0.000679
0.794993,-0.001673,-0.000534,-0.116443,-0.116074,0.000641,0.000643
0.799993,-0.001489,-0.000389,-0.113869,-0.114017,0.000607,0.000619
0.804993,-0.001232,-0.000086,-0.111217,-0.110842,0.000573,0.000584
0.809993,-0.000937,0.000150,-0.108538,-0.108703,0.000541,0.000560
0.814993,-0.000689,0.000444,-0.105857,-0.105494,0.000509,0.000526
0.819993,-0.000475,0.000614,-0.103233,-0.103402,0.000482,0.000505
0.824993,-0.000263,0.000866,-0.100635,-0.100289,0.000461,0.000481
0.829993,-0.000051,0.001035,-0.098096,-0.098262,0.000440,0.000465
0.834993,0.000118,0.001234,-0.095638,-0.095319,0.000415,0.000435
0.839993,0.000251,0.001336,-0.093250,-0.093414,0.000388,0.000413
0.844993,0.000408,0.001522,-0.090875,-0.090568,0.000358,0.000377
0.849993,0.000573,0.001653,-0.088456,-0.088638,0.000327,0.000350
0.854993,0.000694,0.001793,-0.085947,-0.085634,0.000295,0.000310
0.859993,0.000717,0.001807,-0.083397,-0.083596,0.000261,0.000282
0.864992,0.000665,0.001741,-0.080866,-0.080564,0.000226,0.000238
0.869992,0.000560,0.001654,-0.078352,-0.078556,0.000190,0.000208
0.874992,0.000430,0.001494,-0.075853,-0.075562,0.000155,0.000164
0.879992,0.000270,0.001362,-0.073367,-0.073577,0.000117,0.000133
0.884992,0.000096,0.001151,-0.070837,-0.070546,0.000075,0.000082
0.889992,-0.000092,0.000997,-0.068273,-0.068496,0.000031,0.000047
0.894992,-0.000299,0.000745,-0.065708,-0.065422,-0.000017,-0.000010
0.899992,-0.000525,0.000561,-0.063143,-0.063372,-0.000071,-0.000052
0.904992,-0.000766,0.000264,-0.060606,-0.060332,-0.000127,-0.000118
0.909992,-0.001233,-0.000102,-0.058096,-0.058324,-0.000183,-0.000160
0.914992,-0.002504,-0.001640,-0.055629,-0.055365,-0.000240,-0.000223
0.919992,-0.005258,-0.003830,-0.053189,-0.053412,-0.000301,-0.000264
0.924992,-0.010432,-0.010058,-0.050902,-0.050668,-0.000374,-0.000331
0.929992,-0.018965,-0.016877,-0.048738,-0.048940,-0.000464,-0.000378
0.934992,-0.031573,-0.032025,-0.046624,-0.046405,-0.000577,-0.000451
0.939991,-0.048853,-0.045848,-0.044614,-0.044796,-0.000723,-0.000503
0.944991,-0.071209,-0.072692,-0.042734,-0.042535,-0.000908,-0.000590
0.949991,-0.098766,-0.094757,-0.041001,-0.041138,-0.001131,-0.000651
0.954991,-0.131181,-0.133658,-0.039412,-0.039210,-0.001389,-0.000741
0.959991,-0.167525,-0.162771,-0.037952,-0.038022,-0.001680,-0.000798
0.964991,-0.206468,-0.209507,-0.036654,-0.036426,-0.001985,-0.000868
0.969991,-0.246629,-0.241678,-0.035524,-0.035491,-0.002288,-0.000902
0.974991,-0.286644,-0.289709,-0.034544,-0.034264,-0.002585,-0.000936
0.979991,-0.325373,-0.320730,-0.033643,-0.033506,-0.002888,-0.000950
0.984991,-0.361928,-0.364621,-0.032777,-0.032399,-0.003209,-0.000962
0.989991,-0.395713,-0.391681,-0.031902,-0.031649,-0.003558,-0.000961
0.994991,-0.426346,-0.428479,-0.030963,-0.030424,-0.003960,-0.000953
0.999991,-0.453691,-0.450383,-0.029908,-0.029497,-0.004446,-0.000945
1.004991,-0.477777,-0.479335,-0.028719,-0.027911,-0.005025,-0.000924
1.009991,-0.498789,-0.496170,-0.027413,-0.026738,-0.005697,-0.000907
1.014991,-0.517111,-0.518215,-0.026052,-0.024882,-0.006433,-0.000884
1.019992,-0.533166,-0.531088,-0.024684,-0.023627,-0.007205,-0.000870
1.024992,-0.547388,-0.548215,-0.023329,-0.021748,-0.007992,-0.000843
1.029992,-0.560211,-0.558502,-0.022029,-0.020538,-0.008766,-0.000822
1.034992,-0.572009,-0.572716,-0.020851,-0.018882,-0.009487,-0.000794
1.039993,-0.583043,-0.581581,-0.019790,-0.017880,-0.010149,-0.000775
1.044993,-0.593050,-0.593623,-0.018884,-0.016597,-0.010718,-0.000739
1.049993,-0.601116,-0.600129,-0.018122,-0.015880,-0.011196,-0.000713
1.054993,-0.606046,-0.606073,-0.017498,-0.014997,-0.011587,-0.000674
1.059994,-0.606671,-0.606621,-0.016996,-0.014528,-0.011896,-0.000648
1.064994,-0.601907,-0.600941,-0.016602,-0.013982,-0.012125,-0.000605
1.069994,-0.590894,-0.592170,-0.016280,-0.013690,-0.012303,-0.000578
1.074994,-0.573036,-0.570782,-0.015996,-0.013309,-0.012450,-0.000538
1.079994,-0.547939,-0.550738,-0.015749,-0.013095,-0.012566,-0.000512
1.084995,-0.515402,-0.511738,-0.015508,-0.012782,-0.012672,-0.000474
1.089995,-0.475392,-0.479756,-0.015259,-0.012568,-0.012776,-0.000452
1.094995,-0.428056,-0.422994,-0.015007,-0.012244,-0.012877,-0.000429
1.099995,-0.373613,-0.379456,-0.014741,-0.012020,-0.012978,-0.000421
1.104996,-0.312501,-0.306172,-0.014356,-0.011532,-0.013108,-0.000412
1.109996,-0.245935,-0.252906,-0.013737,-0.011020,-0.013270,-0.000401
1.114996,-0.175853,-0.168867,-0.012839,-0.009926,-0.013434,-0.000370
1.119996,-0.104513,-0.111774,-0.011638,-0.008959,-0.013564,-0.000341
1.124997,-0.033948,-0.027130,-0.010174,-0.007204,-0.013617,-0.000284
1.129997,0.034268,0.027462,-0.008492,-0.005858,-0.013562,-0.000242
1.134997,0.098893,0.105003,-0.006647,-0.003636,-0.013382,-0.000175
1.139997,0.158984,0.153096,-0.004704,-0.002062,-0.013071,-0.000129
1.144997,0.213908,0.219018,-0.002657,0.000450,-0.012624,-0.000058
1.149998,0.263373,0.258606,-0.000535,0.002211,-0.012042,-0.000008
1.154998,0.307308,0.311351,0.001610,0.004916,-0.011346,0.000067
1.159998,0.345757,0.342122,0.003720,0.006716,-0.010567,0.000116
1.164998,0.378843,0.381848,0.005714,0.009301,-0.009747,0.000187
1.169999,0.406962,0.404345,0.007446,0.010825,-0.008958,0.000240
1.174999,0.430684,0.432839,0.008813,0.012661,-0.008265,0.000332
1.179999,0.450765,0.448902,0.009816,0.013582,-0.007696,0.000402
1.184999,0.467951,0.469556,0.010457,0.014498,-0.007273,0.000516
1.190000,0.483014,0.481607,0.010835,0.014877,-0.006968,0.000595
1.195000,0.496678,0.498034,0.011035,0.015209,-0.006753,0.000710
1.200000,0.509555,0.508344,0.011035,0.015251,-0.006643,0.000788
1.205000,0.522139,0.523475,0.010856,0.015072,-0.006633,0.000904
1.210001,0.534751,0.533580,0.010561,0.014845,-0.006691,0.000983
1.215001,0.547491,0.548893,0.010167,0.014363,-0.006814,0.001100
1.220001,0.560315,0.559173,0.009668,0.013943,-0.007004,0.001181
1.225001,0.573055,0.574484,0.009121,0.013254,-0.007220,0.001314
1.230001,0.585362,0.584358,0.008575,0.012795,-0.007431,0.001413
1.235002,0.596765,0.598063,0.008051,0.012143,-0.007628,0.001567
1.240002,0.606762,0.606089,0.007575,0.011751,-0.007796,0.001672
1.245002,0.614870,0.615842,0.007190,0.011301,-0.007902,0.001833
1.250002,0.620682,0.620517,0.006920,0.011115,-0.007927,0.001941
1.255003,0.623871,0.624370,0.006711,0.010922,-0.007911,0.002103
1.260003,0.624251,0.624696,0.006511,0.010803,-0.007890,0.002210
1.265003,0.621748,0.621725,0.006299,0.010606,-0.007877,0.002372
1.270003,0.616489,0.617533,0.006098,0.010488,-0.007852,0.002481
1.275004,0.608718,0.608242,0.005910,0.010330,-0.007813,0.002649
1.280004,0.598769,0.600298,0.005723,0.010227,-0.007768,0.002764
1.285004,0.587006,0.586215,0.005527,0.010057,-0.007728,0.002935
1.290004,0.573652,0.575547,0.005273,0.009888,-0.007725,0.003049
1.295004,0.558956,0.557948,0.004972,0.009570,-0.007746,0.003221
1.300005,0.543232,0.545383,0.004683,0.009370,-0.007752,0.003339
1.305005,0.526791,0.525687,0.004443,0.009140,-0.007726,0.003512
1.310005,0.509853,0.512152,0.004256,0.009034,-0.007671,0.003624
1.315005,0.492609,0.491492,0.004048,0.008835,-0.007630,0.003787
1.320006,0.475256,0.477625,0.003741,0.008615,-0.007641,0.003894
1.325006,0.457939,0.456874,0.003307,0.008113,-0.007714,0.004050
1.330006,0.440717,0.443113,0.002789,0.007699,-0.007824,0.004151
1.335006,0.423612,0.422614,0.002249,0.007052,-0.007939,0.004296
1.340007,0.406658,0.409066,0.001676,0.006591,-0.008062,0.004391
1.345007,0.389904,0.388984,0.001111,0.005915,-0.008173,0.004531
1.350007,0.373346,0.375753,0.000607,0.005518,-0.008250,0.004624
1.355007,0.356930,0.356074,0.000182,0.005020,-0.008293,0.004759
1.360008,0.340577,0.343005,-0.000228,0.004703,-0.008329,0.004844
1.365008,0.324241,0.323423,-0.000647,0.004215,-0.008362,0.004970
1.370008,0.307965,0.310413,-0.001053,0.003900,-0.008382,0.005056
1.375008,0.291795,0.291027,-0.001380,0.003529,-0.008372,0.005183
1.380008,0.275762,0.278210,-0.001606,0.003366,-0.008327,0.005269
1.385009,0.259871,0.259156,-0.001769,0.003198,-0.008256,0.005403
1.390009,0.244117,0.246562,-0.001919,0.003097,-0.008173,0.005497
1.395009,0.228531,0.227872,-0.002084,0.002925,-0.008088,0.005642
1.400009,0.213137,0.215564,-0.002345,0.002733,-0.008022,0.005739
1.405010,0.197947,0.197348,-0.002666,0.002371,-0.007961,0.005890
1.410010,0.182953,0.185359,-0.003000,0.002118,-0.007890,0.005996
1.415010,0.168216,0.167687,-0.003284,0.001801,-0.007791,0.006172
1.420010,0.153791,0.156156,-0.003566,0.001593,-0.007675,0.006300
1.425011,0.139635,0.139178,-0.003869,0.001255,-0.007547,0.006505
1.430011,0.125733,0.128062,-0.004172,0.001030,-0.007409,0.006646
1.435011,0.112109,0.111720,-0.004479,0.000683,-0.007267,0.006860
1.440011,0.098770,0.101055,-0.004828,0.000419,-0.007128,0.006999
1.445011,0.085717,0.085399,-0.005300,-0.000131,-0.007002,0.007202
1.450012,0.072985,0.075216,-0.005900,-0.000604,-0.006886,0.007333
1.455012,0.060585,0.060345,-0.006556,-0.001380,-0.006774,0.007519
1.460012,0.048528,0.050701,-0.007213,-0.001902,-0.006662,0.007637
1.465012,0.036843,0.036682,-0.007828,-0.002633,-0.006541,0.007814
1.470013,0.025574,0.027670,-0.008360,-0.003055,-0.006410,0.007932
1.475013,0.014731,0.014659,-0.008789,-0.003568,-0.006271,0.008109
1.480013,0.004260,0.006284,-0.009134,-0.003844,-0.006131,0.008224
1.485013,-0.005834,-0.005827,-0.009427,-0.004195,-0.005991,0.008391
1.490014,-0.015563,-0.013612,-0.009668,-0.004391,-0.005852,0.008500
1.495014,-0.024839,-0.024744,-0.009789,-0.004540,-0.005711,0.008666
1.500014,-0.033638,-0.031783,-0.009765,-0.004526,-0.005574,0.008776
1.505014,-0.041957,-0.041766,-0.009582,-0.004315,-0.005443,0.008942
1.510015,-0.049821,-0.048058,-0.009266,-0.004066,-0.005313,0.009057
1.515015,-0.057241,-0.056964,-0.008904,-0.003643,-0.005181,0.009239
1.520015,-0.064268,-0.062587,-0.008557,-0.003371,-0.005047,0.009363
1.525015,-0.070879,-0.070525,-0.008267,-0.003037,-0.004910,0.009550
1.530015,-0.077139,-0.075533,-0.008094,-0.002911,-0.004766,0.009675
1.535016,-0.083133,-0.082729,-0.008069,-0.002896,-0.004613,0.009860
1.540016,-0.088885,-0.087335,-0.008140,-0.002965,-0.004457,0.009980
1.545016,-0.094355,-0.093903,-0.008254,-0.003118,-0.004304,0.010151
1.550016,-0.099503,-0.098024,-0.008414,-0.003259,-0.004149,0.010261
1.555017,-0.104259,-0.103735,-0.008617,-0.003520,-0.003993,0.010424
1.560017,-0.108596,-0.107207,-0.008830,-0.003703,-0.003836,0.010530
1.565017,-0.112528,-0.111929,-0.009078,-0.004019,-0.003684,0.010679
1.570017,-0.116002,-0.114712,-0.009365,-0.004261,-0.003541,0.010767
1.575018,-0.118994,-0.118308,-0.009648,-0.004615,-0.003414,0.010877
1.580018,-0.121526,-0.120336,-0.009912,-0.004834,-0.003306,0.010938
1.585018,-0.123665,-0.122911,-0.010179,-0.005167,-0.003209,0.011014
1.590018,-0.125520,-0.124399,-0.010445,-0.005388,-0.003121,0.011058
1.595019,-0.127150,-0.126361,-0.010744,-0.005757,-0.003034,0.011116
1.600019,-0.128569,-0.127502,-0.011022,-0.005985,-0.002953,0.011152
1.605019,-0.129734,-0.128909,-0.011280,-0.006302,-0.002875,0.011205
1.610019,-0.130668,-0.129661,-0.011447,-0.006441,-0.002807,0.011241
1.615019,-0.131371,-0.130513,-0.011514,-0.006532,-0.002748,0.011301
1.620020,-0.131889,-0.130933,-0.011503,-0.006528,-0.002695,0.011344
1.625020,-0.132191,-0.131304,-0.011440,-0.006462,-0.002642,0.011417
1.630020,-0.132243,-0.131349,-0.011267,-0.006331,-0.002599,0.011469
1.635020,-0.132124,-0.131215,-0.010925,-0.005928,-0.002575,0.011552
1.640021,-0.131894,-0.131037,-0.010396,-0.005508,-0.002574,0.011608
1.645021,-0.131519,-0.130596,-0.009740,-0.004729,-0.002591,0.011692
1.650021,-0.130990,-0.130176,-0.009070,-0.004197,-0.002612,0.011745
1.655021,-0.130322,-0.129382,-0.008385,-0.003379,-0.002636,0.011824
1.660022,-0.129439,-0.128681,-0.007688,-0.002823,-0.002659,0.011878
1.665022,-0.128305,-0.127329,-0.007044,-0.002055,-0.002669,0.011965
1.670022,-0.126895,-0.126207,-0.006465,-0.001596,-0.002665,0.012027
1.675022,-0.125185,-0.124163,-0.005959,-0.000998,-0.002649,0.012123
1.680022,-0.123218,-0.122592,-0.005575,-0.000698,-0.002613,0.012189
1.685023,-0.121115,-0.120075,-0.005357,-0.000446,-0.002559,0.012286
1.690023,-0.118933,-0.118336,-0.005352,-0.000451,-0.002482,0.012348
1.695023,-0.116670,-0.115628,-0.005541,-0.000687,-0.002388,0.012432
1.700023,-0.114336,-0.113765,-0.005830,-0.000927,-0.002286,0.012488
1.705024,-0.111955,-0.110915,-0.006177,-0.001356,-0.002177,0.012570
1.710024,-0.109542,-0.108989,-0.006519,-0.001639,-0.002072,0.012623
1.715024,-0.107109,-0.106075,-0.006799,-0.001986,-0.001979,0.012698
1.720024,-0.104678,-0.104134,-0.007048,-0.002193,-0.001891,0.012747
1.725025,-0.102249,-0.101226,-0.007224,-0.002414,-0.001811,0.012821
1.730025,-0.099843,-0.099306,-0.007263,-0.002453,-0.001742,0.012873
1.735025,-0.097442,-0.096432,-0.007086,-0.002248,-0.001694,0.012950
1.740025,-0.095045,-0.094523,-0.006705,-0.001946,-0.001667,0.013001
1.745026,-0.092601,-0.091597,-0.006189,-0.001333,-0.001654,0.013075
1.750026,-0.090101,-0.089602,-0.005557,-0.000827,-0.001653,0.013122
1.755026,-0.087484,-0.086469,-0.004909,-0.000056,-0.001651,0.013193
1.760026,-0.084775,-0.084305,-0.004352,0.000387,-0.001639,0.013242
1.765026,-0.081990,-0.080968,-0.003898,0.000925,-0.001619,0.013311
1.770027,-0.079160,-0.078708,-0.003576,0.001178,-0.001594,0.013351
1.775027,-0.076324,-0.075310,-0.003347,0.001449,-0.001570,0.013402
1.780027,-0.073521,-0.073073,-0.003164,0.001591,-0.001544,0.013433
1.785027,-0.070735,-0.069734,-0.002967,0.001826,-0.001519,0.013480
1.790028,-0.067973,-0.067527,-0.002740,0.002008,-0.001496,0.013511
1.795028,-0.065219,-0.064227,-0.002528,0.002259,-0.001470,0.013559
1.800028,-0.062495,-0.062050,-0.002292,0.002449,-0.001448,0.013589
1.805028,-0.059863,-0.058895,-0.002046,0.002740,-0.001430,0.013628
1.810029,-0.057427,-0.056940,-0.001725,0.002988,-0.001417,0.013653
1.815029,-0.055633,-0.054798,-0.000944,0.003936,-0.001426,0.013696
1.820029,-0.055035,-0.054316,0.000983,0.005469,-0.001489,0.013730
1.825029,-0.056162,-0.055679,0.004631,0.009857,-0.001628,0.013806
1.830029,-0.059550,-0.058381,0.010499,0.014550,-0.001872,0.013882
1.835030,-0.065686,-0.065745,0.018972,0.024734,-0.002269,0.014043
1.840030,-0.074847,-0.073061,0.030401,0.033888,-0.002896,0.014184
1.845030,-0.087289,-0.087957,0.044945,0.051379,-0.003853,0.014453
1.850030,-0.103172,-0.100608,0.062709,0.065635,-0.005279,0.014669
1.855031,-0.122506,-0.123636,0.083722,0.090971,-0.007348,0.015047
1.860031,-0.145345,-0.141690,0.107945,0.110491,-0.010267,0.015330
1.865031,-0.171722,-0.172764,0.135320,0.143690,-0.014283,0.015792
1.870031,-0.201553,-0.196003,0.165595,0.168292,-0.019644,0.016120
1.875032,-0.234401,-0.233925,0.198145,0.208183,-0.026526,0.016635
1.880032,-0.269562,-0.260630,0.232135,0.236189,-0.035002,0.016999
1.885032,-0.306298,-0.301744,0.266681,0.279252,-0.045039,0.017579
1.890032,-0.343874,-0.329268,0.300870,0.307994,-0.056471,0.017994
1.895033,-0.381540,-0.369771,0.333926,0.350171,-0.069044,0.018666
1.900033,-0.418564,-0.395750,0.365223,0.377168,-0.082426,0.019153
1.905033,-0.454316,-0.432530,0.394301,0.415307,-0.096243,0.019946
1.910033,-0.488323,-0.455361,0.420877,0.438887,-0.110120,0.020518
1.915033,-0.520307,-0.486900,0.444954,0.471393,-0.123785,0.021447
1.920034,-0.550125,-0.506121,0.466654,0.491196,-0.137031,0.022116
1.925034,-0.577220,-0.531860,0.485767,0.517641,-0.149413,0.023208
1.930034,-0.600445,-0.546399,0.501807,0.532552,-0.160201,0.024015
1.935034,-0.618506,-0.563202,0.514342,0.549948,-0.168627,0.025383
1.940035,-0.630432,-0.570625,0.523118,0.557872,-0.174079,0.026414
1.945035,-0.635570,-0.575640,0.527929,0.563770,-0.176089,0.028149
1.950035,-0.633415,-0.574662,0.528594,0.563499,-0.174350,0.029432
1.955035,-0.623808,-0.566565,0.524968,0.556593,-0.168782,0.031546
1.960036,-0.606825,-0.556742,0.516820,0.547540,-0.159443,0.033075
1.965036,-0.582676,-0.535363,0.503915,0.527186,-0.146593,0.035544
1.970036,-0.551635,-0.516639,0.485986,0.509067,-0.130649,0.037306
1.975036,-0.514146,-0.481851,0.462735,0.475030,-0.112177,0.040118
1.980036,-0.470865,-0.454302,0.433890,0.447787,-0.091894,0.042094
1.985037,-0.422628,-0.406791,0.399366,0.400387,-0.070687,0.045185
1.990037,-0.370256,-0.371208,0.359208,0.364672,-0.049496,0.047310
1.995037,-0.314599,-0.312511,0.313604,0.305438,-0.029241,0.050549
2.000037,-0.256399,-0.270178,0.262906,0.262531,-0.010777,0.052719
2.005037,-0.196247,-0.202510,0.207586,0.193680,0.005159,0.055948
2.010037,-0.134747,-0.155124,0.148381,0.145289,0.017922,0.058060
2.015036,-0.072725,-0.082032,0.086540,0.070371,0.027006,0.061146
2.020036,-0.011006,-0.032885,0.023500,0.019786,0.032165,0.063155
2.025036,0.049710,0.039948,-0.039308,-0.055537,0.033419,0.066121
2.030035,0.108862,0.087138,-0.100637,-0.104620,0.031005,0.068087
2.035035,0.166111,0.154942,-0.159468,-0.175484,0.025310,0.071052
2.040035,0.221161,0.197729,-0.215069,-0.220441,0.016802,0.073049
2.045034,0.273745,0.257754,-0.266920,-0.283860,0.006002,0.076087
2.050034,0.323665,0.294828,-0.314716,-0.323249,-0.006556,0.078142
2.055033,0.370770,0.345925,-0.358330,-0.377794,-0.020348,0.081260
2.060033,0.414934,0.376984,-0.397798,-0.411113,-0.034893,0.083358
2.065033,0.456032,0.419145,-0.433271,-0.456606,-0.049754,0.086521
2.070032,0.493958,0.444373,-0.464946,-0.484021,-0.064543,0.088632
2.075032,0.528661,0.478102,-0.493082,-0.520982,-0.078935,0.091787
2.080032,0.560034,0.497905,-0.517985,-0.543013,-0.092676,0.093877
2.085031,0.587922,0.523627,-0.539929,-0.572373,-0.105539,0.096986
2.090031,0.612130,0.538155,-0.559017,-0.589480,-0.117201,0.099043
2.095031,0.632303,0.555922,-0.575242,-0.611250,-0.127271,0.102110
2.100030,0.648037,0.565005,-0.588552,-0.623017,-0.135327,0.104153
2.105030,0.658895,0.574311,-0.598863,-0.636253,-0.140954,0.107232
2.110029,0.664459,0.577523,-0.606057,-0.641947,-0.143777,0.109301
2.115029,0.664532,0.577808,-0.610080,-0.645636,-0.143578,0.112432
2.120029,0.659105,0.575023,-0.610872,-0.644808,-0.140265,0.114536
2.125028,0.648269,0.566461,-0.608392,-0.638647,-0.133891,0.117705
2.130028,0.632357,0.557957,-0.602647,-0.631346,-0.124681,0.119819
2.135028,0.611972,0.541421,-0.593764,-0.615980,-0.113047,0.122982
2.140027,0.587934,0.528187,-0.582035,-0.603175,-0.099588,0.125079
2.145027,0.561270,0.505798,-0.567868,-0.580925,-0.084965,0.128202
2.150027,0.533113,0.489732,-0.551750,-0.564570,-0.069817,0.130263
2.155026,0.504489,0.464811,-0.534212,-0.538623,-0.054705,0.133313
2.160026,0.476262,0.448105,-0.515849,-0.520908,-0.040110,0.135308
2.165025,0.449103,0.423551,-0.497226,-0.494503,-0.026383,0.138223
2.170025,0.423416,0.407781,-0.478761,-0.477336,-0.013704,0.140102
2.175025,0.399398,0.385276,-0.460770,-0.452622,-0.002144,0.142806
2.180024,0.377131,0.371119,-0.443537,-0.437037,0.008264,0.144519
2.185024,0.356645,0.351289,-0.427133,-0.415035,0.017600,0.146941
2.190024,0.337921,0.339058,-0.411534,-0.401227,0.025979,0.148451
2.195023,0.320813,0.322099,-0.396710,-0.381723,0.033503,0.150553
2.200023,0.305103,0.311616,-0.382499,-0.369372,0.040305,0.151843
2.205023,0.290495,0.296834,-0.368704,-0.351526,0.046512,0.153610
2.210022,0.276676,0.287416,-0.355106,-0.339897,0.052233,0.154676
2.215022,0.263354,0.273618,-0.341557,-0.322646,0.057541,0.156109
2.220021,0.250276,0.264467,-0.327938,-0.311172,0.062484,0.156954
2.225021,0.237259,0.250603,-0.314154,-0.293867,0.067090,0.158051
2.230021,0.224174,0.241184,-0.300105,-0.282188,0.071385,0.158670
2.235020,0.210925,0.226680,-0.285749,-0.264391,0.075376,0.159429
2.240020,0.197497,0.216750,-0.271088,-0.252340,0.079057,0.159823
2.245020,0.183997,0.201611,-0.256173,-0.234043,0.082414,0.160248
2.250019,0.170523,0.191431,-0.241054,-0.221731,0.085437,0.160422
2.255019,0.157213,0.176211,-0.225855,-0.203241,0.088113,0.160530
2.260019,0.144123,0.166145,-0.210616,-0.190920,0.090450,0.160505
2.265018,0.131313,0.151267,-0.195424,-0.172555,0.092451,0.160331
2.270018,0.118835,0.141537,-0.180396,-0.160470,0.094115,0.160129
2.275017,0.106734,0.127300,-0.165603,-0.142665,0.095458,0.159708
2.280017,0.095030,0.118073,-0.151092,-0.131038,0.096495,0.159355
2.285017,0.083669,0.104572,-0.136955,-0.114071,0.097241,0.158723
2.290016,0.072646,0.095804,-0.123203,-0.103078,0.097712,0.158236
2.295016,0.062005,0.083068,-0.109869,-0.087105,0.097924,0.157412
2.300016,0.051761,0.074872,-0.096961,-0.076800,0.097900,0.156806
2.305015,0.041896,0.063009,-0.084504,-0.061888,0.097661,0.155820
2.310015,0.032402,0.055387,-0.072503,-0.052313,0.097227,0.155119
2.315015,0.023257,0.044368,-0.060896,-0.038415,0.096622,0.154006
2.320014,0.014477,0.037308,-0.049670,-0.029450,0.095861,0.153229
2.325014,0.006117,0.027228,-0.038822,-0.016448,0.094965,0.152021
2.330014,-0.001835,0.020840,-0.028273,-0.008013,0.093950,0.151191
2.335013,-0.009423,0.011699,-0.018016,0.004299,0.092827,0.149914
2.340013,-0.016730,0.005840,-0.008107,0.012236,0.091604,0.149039
2.345012,-0.023795,-0.002644,0.001461,0.023745,0.090286,0.147691
2.350012,-0.030637,-0.008114,0.010682,0.031149,0.088882,0.146769
2.355012,-0.037277,-0.016057,0.019547,0.041841,0.087398,0.145350
2.360011,-0.043672,-0.021146,0.028038,0.048676,0.085847,0.144385
2.365011,-0.049778,-0.028417,0.036154,0.058496,0.084239,0.142914
2.370011,-0.055612,-0.033033,0.043906,0.064759,0.082583,0.141918
2.375010,-0.061160,-0.039598,0.051305,0.073742,0.080890,0.140411
2.380010,-0.066385,-0.043703,0.058323,0.079433,0.079173,0.139400
2.385010,-0.071319,-0.049499,0.064964,0.087529,0.077443,0.137881
2.390009,-0.075900,-0.053071,0.071226,0.092628,0.075706,0.136866
2.395009,-0.080138,-0.058008,0.077090,0.099805,0.073976,0.135350
2.400008,-0.084035,-0.061018,0.082515,0.104246,0.072260,0.134343
2.405008,-0.087611,-0.065143,0.087491,0.110370,0.070567,0.132837
2.410008,-0.090893,-0.067654,0.091974,0.114063,0.068902,0.131836
2.415007,-0.093904,-0.071090,0.096001,0.119058,0.067271,0.130341
2.420007,-0.096610,-0.073136,0.099554,0.122011,0.065683,0.129353
2.425007,-0.098955,-0.075773,0.102634,0.125872,0.064145,0.127886
2.430006,-0.100991,-0.077282,0.105272,0.128093,0.062658,0.126920
2.435006,-0.102774,-0.079246,0.107563,0.131006,0.061220,0.125493
2.440006,-0.104306,-0.080355,0.109531,0.132687,0.059832,0.124558
2.445005,-0.105604,-0.081743,0.111182,0.134830,0.058493,0.123176
2.450005,-0.106678,-0.082492,0.112538,0.136019,0.057203,0.122272
2.455004,-0.107577,-0.083408,0.113666,0.137529,0.055957,0.120939
2.460004,-0.108274,-0.083863,0.114568,0.138354,0.054752,0.120065
2.465004,-0.108770,-0.084306,0.115220,0.139284,0.053590,0.118772
2.470003,-0.109090,-0.084465,0.115587,0.139672,0.052478,0.117926
2.475003,-0.109190,-0.084444,0.115780,0.140047,0.051405,0.116680
2.480003,-0.109070,-0.084258,0.115785,0.140143,0.050370,0.115863
2.485002,-0.108794,-0.083797,0.115586,0.140039,0.049376,0.114659
2.490002,-0.108392,-0.083395,0.115128,0.139758,0.048428,0.113871
2.495002,-0.107800,-0.082566,0.114465,0.139089,0.047516,0.112703
2.500001,-0.106921,-0.081787,0.113636,0.138508,0.046631,0.111933
2.505001,-0.105728,-0.080248,0.112658,0.137456,0.045774,0.110793
2.510000,-0.104261,-0.079005,0.111556,0.136652,0.044942,0.110042
2.515000,-0.102637,-0.076958,0.110324,0.135286,0.044134,0.108931
2.520000,-0.100969,-0.075560,0.108953,0.134259,0.043353,0.108202
2.524999,-0.099325,-0.073496,0.107434,0.132538,0.042600,0.107126
2.529999,-0.097739,-0.072173,0.105706,0.131221,0.041880,0.106420
2.534999,-0.096156,-0.070195,0.103782,0.129010,0.041190,0.105377
2.539998,-0.094581,-0.068885,0.101717,0.127417,0.040528,0.104695
2.544998,-0.093035,-0.066960,0.099581,0.124943,0.039883,0.103689
2.549998,-0.091516,-0.065702,0.097396,0.123253,0.039253,0.103028
2.554997,-0.089935,-0.063742,0.095097,0.120578,0.038645,0.102055
2.559997,-0.088258,-0.062359,0.092718,0.118726,0.038055,0.101417
2.564996,-0.086494,-0.060186,0.090334,0.115940,0.037478,0.100481
2.569996,-0.084602,-0.058636,0.088004,0.114122,0.036913,0.099874
2.574996,-0.082554,-0.056127,0.085783,0.111526,0.036356,0.098987
2.579995,-0.080410,-0.054377,0.083643,0.109858,0.035808,0.098412
2.584995,-0.078266,-0.051759,0.081500,0.107346,0.035271,0.097569
2.589995,-0.076115,-0.050010,0.079249,0.105585,0.034753,0.097018
2.594994,-0.073896,-0.047306,0.076892,0.102812,0.034250,0.096206
2.599994,-0.071626,-0.045464,0.074469,0.100909,0.033760,0.095675
2.604994,-0.069331,-0.042674,0.072009,0.098007,0.033280,0.094894
2.609993,-0.067017,-0.040799,0.069483,0.096018,0.032811,0.094383
2.614993,-0.064728,-0.038019,0.066883,0.092946,0.032352,0.093630
2.619992,-0.062465,-0.036189,0.064277,0.090888,0.031895,0.093133
2.624992,-0.060189,-0.033427,0.061694,0.087830,0.031437,0.092395
2.629992,-0.057871,-0.031557,0.059139,0.085812,0.030973,0.091905
2.634991,-0.055472,-0.028650,0.056669,0.082889,0.030500,0.091171
2.639991,-0.053004,-0.026656,0.054360,0.081068,0.030017,0.090686
2.644991,-0.050499,-0.023626,0.052190,0.078502,0.029529,0.089967
2.649990,-0.048004,-0.021611,0.050168,0.076908,0.029035,0.089493
2.654990,-0.045574,-0.018673,0.048239,0.074623,0.028540,0.088793
2.659990,-0.043271,-0.016815,0.046359,0.073138,0.028051,0.088335
2.664989,-0.041146,-0.014243,0.044538,0.070980,0.027562,0.087658
2.669989,-0.039249,-0.012710,0.042784,0.069595,0.027073,0.087211
2.674989,-0.037620,-0.010732,0.041124,0.067629,0.026579,0.086543
2.679988,-0.036154,-0.009545,0.039561,0.066394,0.026085,0.086102
2.684988,-0.034837,-0.007948,0.038055,0.064610,0.025595,0.085452
2.689987,-0.033646,-0.006985,0.036580,0.063445,0.025113,0.085026
2.694987,-0.032505,-0.005598,0.035102,0.061691,0.024639,0.084399
2.699987,-0.031359,-0.004671,0.033617,0.060517,0.024173,0.083988
2.704986,-0.030149,-0.003204,0.032113,0.058729,0.023714,0.083383
2.709986,-0.028848,-0.002155,0.030581,0.057517,0.023264,0.082987
2.714986,-0.027470,-0.000489,0.029015,0.055654,0.022834,0.082419
2.719985,-0.026048,0.000655,0.027490,0.054442,0.022443,0.082073
2.724985,-0.024581,0.002424,0.026034,0.052705,0.022109,0.081628
2.729985,-0.023089,0.003621,0.024638,0.051593,0.021849,0.081394
2.734984,-0.021595,0.005417,0.023329,0.050027,0.021685,0.081162
2.739984,-0.020128,0.006587,0.022134,0.049073,0.021640,0.081106
2.744983,-0.018711,0.008281,0.021091,0.047820,0.021733,0.081194
2.749983,-0.017393,0.009328,0.020201,0.047106,0.021983,0.081380
2.754983,-0.016172,0.010781,0.019405,0.046141,0.022408,0.081875
2.759982,-0.015017,0.011694,0.018628,0.045511,0.023028,0.082360
2.764982,-0.013938,0.012967,0.017850,0.044564,0.023864,0.083350
2.769982,-0.012914,0.013768,0.017068,0.043927,0.024933,0.084196
2.774981,-0.011877,0.014982,0.016269,0.042947,0.026249,0.085763
2.779981,-0.010819,0.015809,0.015478,0.042300,0.027819,0.087012
2.784981,-0.009799,0.016996,0.014725,0.041373,0.029651,0.089201
2.789980,-0.008874,0.017710,0.014002,0.040779,0.031761,0.090883
2.794980,-0.008041,0.018667,0.013319,0.039931,0.034162,0.093757
2.799979,-0.007307,0.019223,0.012608,0.039345,0.036863,0.095913
2.804979,-0.006604,0.020018,0.011851,0.038413,0.039874,0.099520
2.809979,-0.005954,0.020506,0.011096,0.037792,0.043200,0.102177
2.814978,-0.005348,0.021187,0.010384,0.036913,0.046847,0.106547
2.819978,-0.004725,0.021652,0.009738,0.036379,0.050818,0.109721
2.824978,-0.004087,0.022367,0.009176,0.035681,0.055117,0.114878
2.829977,-0.003428,0.022859,0.008653,0.035248,0.059749,0.118581
2.834977,-0.002776,0.023588,0.008137,0.034608,0.064712,0.124535
2.839977,-0.002201,0.024013,0.007604,0.034168,0.070012,0.128773
2.844976,-0.001661,0.024610,0.007065,0.033509,0.075652,0.135540
2.849976,-0.001146,0.024988,0.006557,0.033097,0.081632,0.140323
2.854975,-0.000683,0.025494,0.006104,0.032545,0.087953,0.147908
2.859975,-0.000302,0.025768,0.005708,0.032227,0.094611,0.153234
2.864975,-0.000038,0.026037,0.005331,0.031773,0.101601,0.161622
2.869974,0.000109,0.026123,0.004967,0.031482,0.108920,0.167477
2.874974,0.000129,0.026101,0.004551,0.030984,0.116562,0.176648
2.879974,0.000068,0.026022,0.004084,0.030610,0.124525,0.183018
2.884973,0.000067,0.025982,0.003551,0.029971,0.132804,0.192952
2.889973,0.000203,0.026067,0.002958,0.029494,0.141396,0.199826
2.894973,0.000515,0.026408,0.002392,0.028818,0.150294,0.210504
2.899972,0.000914,0.026709,0.001900,0.028429,0.159497,0.217867
2.904972,0.001364,0.027228,0.001511,0.027974,0.169006,0.229278
2.909971,0.001811,0.027573,0.001269,0.027792,0.178818,0.237128
2.914971,0.002246,0.028078,0.001156,0.027678,0.188931,0.249263
2.919971,0.002664,0.028402,0.001131,0.027680,0.199338,0.257589
2.924970,0.003016,0.028806,0.001127,0.027712,0.210033,0.270424
2.929970,0.003200,0.028941,0.001186,0.027785,0.221016,0.279210
2.934970,0.003233,0.028961,0.001307,0.027970,0.232285,0.292731
2.939969,0.003069,0.028818,0.001365,0.028047,0.243836,0.301972
2.944969,0.002673,0.028321,0.001314,0.028025,0.255664,0.316166
2.949969,0.002049,0.027809,0.001193,0.027950,0.267766,0.325848
2.954968,0.001258,0.026845,0.001035,0.027784,0.280138,0.340694
2.959968,0.000427,0.026169,0.000860,0.027651,0.292774,0.350804
2.964967,-0.000387,0.025179,0.000675,0.027429,0.305668,0.366277
2.969967,-0.001172,0.024543,0.000520,0.027293,0.318818,0.376796
2.974967,-0.001912,0.023645,0.000493,0.027237,0.332215,0.392873
2.979966,-0.002546,0.023130,0.000666,0.027350,0.345856,0.403786
2.984966,-0.002992,0.022578,0.001014,0.027717,0.359735,0.420442
2.989966,-0.003260,0.022350,0.001487,0.028059,0.373848,0.431734
2.994965,-0.003379,0.022172,0.002069,0.028699,0.388191,0.448947
2.999965,-0.003409,0.022121,0.002722,0.029184,0.402763,0.460606
3.004965,-0.003412,0.022060,0.003359,0.029888,0.417561,0.478367
3.009964,-0.003421,0.022009,0.003996,0.030356,0.432585,0.490387
3.014964,-0.003476,0.021865,0.004586,0.031001,0.447836,0.508691
3.019964,-0.003530,0.021760,0.005131,0.031395,0.463317,0.521077
3.024963,-0.003578,0.021599,0.005577,0.031863,0.479033,0.539938
3.029963,-0.003620,0.021491,0.005982,0.032140,0.494992,0.552705
3.034962,-0.003629,0.021358,0.006374,0.032537,0.511200,0.572157
3.039962,-0.003626,0.021273,0.006741,0.032781,0.527665,0.585330
3.044962,-0.003609,0.021153,0.007135,0.033180,0.544390,0.605401
3.049961,-0.003588,0.021068,0.007581,0.033491,0.561382,0.618995
3.054961,-0.003534,0.020969,0.007988,0.033903,0.578645,0.639712
3.059961,-0.003410,0.020953,0.008313,0.034115,0.596181,0.653741
3.064960,-0.003208,0.021012,0.008562,0.034343,0.613999,0.675122
3.069960,-0.002963,0.021083,0.008785,0.034476,0.632103,0.689606
3.074960,-0.002734,0.021159,0.008982,0.034650,0.650498,0.711678
3.079959,-0.002573,0.021150,0.009172,0.034763,0.669184,0.726628
3.084959,-0.002424,0.021116,0.009344,0.034912,0.688166,0.749406
3.089958,-0.002313,0.021058,0.009575,0.035057,0.707445,0.764828
3.094958,-0.002278,0.020870,0.009924,0.035418,0.727023,0.788322
3.099958,-0.002331,0.020668,0.010277,0.035664,0.746905,0.804227
3.104957,-0.002458,0.020263,0.010552,0.035935,0.767093,0.828452
3.109957,-0.002632,0.019949,0.010730,0.036036,0.787588,0.844848
3.114957,-0.002893,0.019368,0.010812,0.036065,0.808394,0.869813
3.119956,-0.003160,0.018970,0.010767,0.035977,0.829508,0.886703
3.124956,-0.003364,0.018450,0.010609,0.035703,0.850923,0.912400
3.129956,-0.003459,0.018188,0.010368,0.035450,0.872637,0.929769
3.134955,-0.003363,0.018031,0.010091,0.035026,0.894646,0.956178
3.139955,-0.003051,0.018101,0.009858,0.034781,0.916948,0.974018
3.144954,-0.002548,0.018438,0.009679,0.034489,0.939538,1.001123
3.149954,-0.001907,0.018777,0.009512,0.034313,0.962415,1.019424
3.154954,-0.001209,0.019348,0.009408,0.034146,0.985583,1.047224
3.159953,-0.000502,0.019737,0.009411,0.034132,1.009040,1.065989
3.164953,0.000169,0.020271,0.009510,0.034247,1.032776,1.094472
3.169953,0.000798,0.020589,0.009734,0.034436,1.056788,1.113680
3.174952,0.001410,0.021033,0.010048,0.034842,1.081071,1.142817
3.179952,0.001998,0.021304,0.010403,0.035159,1.105621,1.162456
3.184952,0.002562,0.021665,0.010768,0.035664,1.130438,1.192233
3.189951,0.003071,0.021854,0.011126,0.036006,1.155519,1.212296
3.194951,0.003432,0.021941,0.011471,0.036517,1.180861,1.242703
3.199950,0.003620,0.021852,0.011732,0.036799,1.206463,1.263183
3.204950,0.003684,0.021563,0.011859,0.037067,1.232322,1.294211
3.209950,0.003646,0.021282,0.011889,0.037168,1.258435,1.315100
3.214949,0.003572,0.020815,0.011853,0.037237,1.284789,1.346722
3.219949,0.003492,0.020500,0.011795,0.037267,1.311369,1.367985
3.224949,0.003390,0.020002,0.011651,0.037204,1.338153,1.400124
3.229948,0.003289,0.019670,0.011423,0.037095,1.365121,1.421698
3.234948,0.003202,0.019198,0.011092,0.036802,1.392251,1.454252
3.239948,0.003113,0.018889,0.010657,0.036523,1.419522,1.476069
3.244947,0.002993,0.018404,0.010122,0.035980,1.446912,1.508937
3.249947,0.002889,0.018104,0.009519,0.035562,1.474404,1.530931
3.254946,0.002826,0.017725,0.008867,0.034874,1.501979,1.564022
3.259946,0.002824,0.017533,0.008205,0.034404,1.529619,1.586135
3.264946,0.002919,0.017383,0.007619,0.033793,1.557308,1.619362
3.269945,0.003061,0.017334,0.007078,0.033426,1.585034,1.641544
3.274945,0.003222,0.017300,0.006560,0.032907,1.612785,1.674846
3.279945,0.003410,0.017309,0.006042,0.032566,1.640543,1.697053
3.284944,0.003683,0.017443,0.005533,0.032073,1.668298,1.730360
3.289944,0.004025,0.017600,0.005112,0.031822,1.696042,1.752557
3.294944,0.004401,0.017887,0.004766,0.031546,1.723764,1.785824
3.299943,0.004836,0.018134,0.004497,0.031433,1.751453,1.807976
3.304943,0.005269,0.018509,0.004274,0.031333,1.779102,1.841155
3.309942,0.005673,0.018740,0.004086,0.031306,1.806703,1.863236
3.314942,0.006003,0.019005,0.003849,0.031214,1.834249,1.896291
3.319942,0.006268,0.019136,0.003615,0.031161,1.861732,1.918279
3.324941,0.006420,0.019204,0.003422,0.031136,1.889147,1.951178
3.329941,0.006426,0.019134,0.003258,0.031143,1.916488,1.973051
3.334941,0.006325,0.018909,0.003122,0.031185,1.943745,2.005760
3.339940,0.006165,0.018714,0.002945,0.031177,1.970916,2.027497
3.344940,0.005987,0.018409,0.002728,0.031116,1.997998,2.059996
3.349940,0.005851,0.018243,0.002552,0.031101,2.024989,2.081589
3.354939,0.005749,0.018041,0.002444,0.031155,2.051888,2.113868
3.359939,0.005709,0.017958,0.002325,0.031182,2.078688,2.135308
3.364938,0.005740,0.017921,0.002134,0.031134,2.105387,2.167348
3.369938,0.005791,0.017919,0.001862,0.031038,2.131988,2.188630
3.374938,0.005823,0.017904,0.001523,0.030816,2.158488,2.220432
3.379937,0.005852,0.017900,0.001159,0.030646,2.184885,2.241551
3.384937,0.005867,0.017888,0.000816,0.030418,2.211176,2.273102
3.389937,0.005878,0.017882,0.000555,0.030332,2.237358,2.294048
3.394936,0.005893,0.017883,0.000360,0.030282,2.263428,2.325333
3.399936,0.005890,0.017874,0.000208,0.030281,2.289389,2.346102
3.404936,0.005861,0.017832,0.000120,0.030355,2.315246,2.377131
3.409935,0.005728,0.017723,0.000103,0.030461,2.341003,2.397736
3.414935,0.005468,0.017406,0.000088,0.030612,2.366658,2.428522
3.419935,0.005082,0.017095,-0.000030,0.030624,2.392210,2.448964
3.424934,0.004617,0.016542,-0.000233,0.030528,2.417658,2.479502
3.429934,0.004078,0.016116,-0.000448,0.030442,2.443007,2.499782
3.434933,0.003508,0.015449,-0.000658,0.030304,2.468257,2.530083
3.439933,0.002967,0.015030,-0.000847,0.030216,2.493409,2.550205
3.444933,0.002518,0.014518,-0.000973,0.030145,2.518467,2.580275
3.449932,0.002128,0.014225,-0.001029,0.030146,2.543433,2.600248
3.454932,0.001771,0.013831,-0.001024,0.030209,2.568309,2.630099
3.459932,0.001515,0.013646,-0.000952,0.030299,2.593097,2.649929
3.464931,0.001331,0.013453,-0.000876,0.030430,2.617795,2.679566
3.469931,0.001284,0.013434,-0.000838,0.030486,2.642403,2.699253
3.474931,0.001373,0.013563,-0.000843,0.030517,2.666924,2.728677
3.479930,0.001538,0.013711,-0.000852,0.030538,2.691357,2.748224
3.484930,0.001720,0.013953,-0.000902,0.030523,2.715704,2.777442
3.489929,0.001851,0.014076,-0.000992,0.030485,2.739969,2.796854
3.494929,0.001929,0.014199,-0.001172,0.030324,2.764151,2.825871
3.499929,0.001937,0.014227,-0.001387,0.030188,2.788248,2.845150
3.504928,0.001922,0.014254,-0.001617,0.029965,2.812265,2.873970
3.509928,0.001999,0.014348,-0.001884,0.029788,2.836204,2.893122
3.514928,0.002223,0.014675,-0.002213,0.029450,2.860070,2.921761
3.519927,0.002583,0.015010,-0.002600,0.029185,2.883862,2.940795
3.524927,0.002991,0.015579,-0.003023,0.028756,2.907578,2.969256
3.529927,0.003389,0.015957,-0.003425,0.028493,2.931221,2.988171
3.534926,0.003772,0.016516,-0.003728,0.028228,2.954790,3.016454
3.539926,0.004092,0.016845,-0.003920,0.028147,2.978280,3.035247
3.544925,0.004295,0.017198,-0.004022,0.028143,3.001695,3.063345
3.549925,0.004353,0.017320,-0.003969,0.028267,3.025040,3.082020
3.554925,0.004279,0.017342,-0.003798,0.028589,3.048317,3.109952
3.559924,0.004149,0.017307,-0.003582,0.028840,3.071529,3.128521
3.564924,0.003951,0.017164,-0.003359,0.029219,3.094675,-3.126891
3.569924,0.003662,0.016993,-0.003092,0.029503,3.117754,-3.108429
3.574923,0.003318,0.016662,-0.002820,0.029923,3.140767,-3.080815
3.579923,0.002961,0.016425,-0.002588,0.030166,-3.119472,-3.062459
3.584923,0.002606,0.016068,-0.002372,0.030498,-3.096593,-3.035004
3.589922,0.002297,0.015861,-0.002182,0.030692,-3.073779,-3.016753
3.594922,0.002047,0.015618,-0.002028,0.030936,-3.051025,-2.989449
3.599921,0.001860,0.015505,-0.001903,0.031069,-3.028329,-2.971293
3.604921,0.001704,0.015369,-0.001828,0.031206,-3.005689,-2.944125
3.609921,0.001593,0.015313,-0.001824,0.031239,-2.983104,-2.926057
3.614920,0.001512,0.015264,-0.001898,0.031190,-2.960574,-2.899021
3.619920,0.001411,0.015215,-0.002049,0.031094,-2.938094,-2.881037
3.624920,0.001362,0.015214,-0.002283,0.030850,-2.915663,-2.854118
3.629919,0.001382,0.015271,-0.002580,0.030635,-2.893270,-2.836204
3.634919,0.001453,0.015429,-0.002912,0.030273,-2.870906,-2.809367
3.639919,0.001499,0.015518,-0.003234,0.030041,-2.848565,-2.791493
3.644918,0.001553,0.015673,-0.003507,0.029753,-2.826238,-2.764701
3.649918,0.001641,0.015806,-0.003688,0.029635,-2.803924,-2.746850
3.654917,0.001763,0.016051,-0.003832,0.029505,-2.781615,-2.720079
3.659917,0.001884,0.016216,-0.004005,0.029398,-2.759310,-2.702235
3.664917,0.002011,0.016477,-0.004193,0.029223,-2.737004,-2.675467
3.669916,0.002140,0.016654,-0.004342,0.029141,-2.714693,-2.657619
3.674916,0.002311,0.016975,-0.004512,0.028994,-2.692377,-2.630839
3.679916,0.002437,0.017159,-0.004680,0.028900,-2.670051,-2.612978
3.684915,0.002488,0.017347,-0.004791,0.028829,-2.647711,-2.586171
3.689915,0.002510,0.017452,-0.004858,0.028818,-2.625351,-2.568283
3.694915,0.002471,0.017535,-0.004890,0.028846,-2.602963,-2.541417
3.699914,0.002372,0.017543,-0.004863,0.028909,-2.580542,-2.523480
3.704914,0.002232,0.017503,-0.004742,0.029115,-2.558087,-2.496535
3.709913,0.002041,0.017431,-0.004509,0.029340,-2.535596,-2.478543
3.714913,0.001819,0.017281,-0.004248,0.029703,-2.513068,-2.451510
3.719913,0.001556,0.017145,-0.003988,0.029940,-2.490501,-2.433457
3.724912,0.001292,0.016930,-0.003696,0.030326,-2.467896,-2.406331
3.729912,0.001003,0.016764,-0.003382,0.030596,-2.445254,-2.388218
3.734912,0.000611,0.016382,-0.003051,0.031013,-2.422573,-2.361002
3.739911,0.000143,0.016060,-0.002703,0.031297,-2.399851,-2.342825
3.744911,-0.000383,0.015498,-0.002335,0.031731,-2.377089,-2.315510
3.749911,-0.000922,0.015104,-0.001984,0.031998,-2.354285,-2.297266
3.754910,-0.001421,0.014554,-0.001660,0.032351,-2.331433,-2.269845
3.759910,-0.001875,0.014216,-0.001407,0.032521,-2.308532,-2.251523
3.764910,-0.002263,0.013786,-0.001196,0.032714,-2.285580,-2.223980
3.769909,-0.002594,0.013541,-0.001011,0.032815,-2.262579,-2.205580
3.774909,-0.002877,0.013228,-0.000828,0.032957,-2.239531,-2.177922
3.779908,-0.003066,0.013090,-0.000606,0.033076,-2.216433,-2.159442
3.784908,-0.003166,0.012984,-0.000299,0.033355,-2.193282,-2.131660
3.789908,-0.003161,0.012991,0.000099,0.033613,-2.170080,-2.113098
3.794907,-0.003108,0.013045,0.000583,0.034104,-2.146831,-2.085197
3.799907,-0.002964,0.013144,0.001065,0.034433,-2.123531,-2.066556
3.804907,-0.002691,0.013434,0.001450,0.034814,-2.100181,-2.038534
3.809906,-0.002322,0.013701,0.001730,0.034989,-2.076780,-2.019814
3.814906,-0.001924,0.014126,0.001911,0.035146,-2.053330,-1.991673
3.819906,-0.001536,0.014398,0.002050,0.035223,-2.029831,-1.972874
3.824905,-0.001188,0.014756,0.002143,0.035293,-2.006279,-1.944610
3.829905,-0.000875,0.014965,0.002171,0.035294,-1.982674,-1.925727
3.834904,-0.000593,0.015242,0.002163,0.035263,-1.959022,-1.897344
3.839904,-0.000378,0.015374,0.002101,0.035201,-1.935320,-1.878383
3.844904,-0.000249,0.015470,0.002046,0.035125,-1.911569,-1.849882
3.849903,-0.000162,0.015500,0.002035,0.035113,-1.887773,-1.830845
3.854903,-0.000113,0.015502,0.002004,0.035073,-1.863931,-1.802235
3.859903,-0.000037,0.015523,0.002023,0.035083,-1.840046,-1.783126
3.864902,0.000125,0.015657,0.002113,0.035192,-1.816118,-1.754413
3.869902,0.000354,0.015797,0.002277,0.035325,-1.792149,-1.735238
3.874902,0.000617,0.016042,0.002503,0.035608,-1.768139,-1.706426
3.879901,0.000868,0.016191,0.002729,0.035803,-1.744087,-1.687185
3.884901,0.001084,0.016368,0.002884,0.036015,-1.719991,-1.658270
3.889900,0.001232,0.016427,0.002875,0.036028,-1.695854,-1.638960
3.894900,0.001355,0.016494,0.002670,0.035819,-1.671681,-1.609953
3.899900,0.001473,0.016540,0.002291,0.035543,-1.647473,-1.590586
3.904899,0.001543,0.016563,0.001734,0.034916,-1.623227,-1.561490
3.909899,0.001548,0.016538,0.001023,0.034376,-1.598947,-1.542064
3.914899,0.001556,0.016528,0.000237,0.033479,-1.574641,-1.512896
3.919898,0.001602,0.016569,-0.000508,0.032913,-1.550327,-1.493444
3.924898,0.001653,0.016654,-0.001188,0.032143,-1.526024,-1.464280
3.929898,0.001701,0.016723,-0.001800,0.031683,-1.501756,-1.444864
3.934897,0.001736,0.016825,-0.002299,0.031135,-1.477540,-1.415805
3.939897,0.001783,0.016909,-0.002608,0.030921,-1.453400,-1.396492
3.944896,0.001878,0.017098,-0.002700,0.030861,-1.429357,-1.367641
3.949896,0.001980,0.017231,-0.002631,0.030953,-1.405438,-1.348506
3.954896,0.002065,0.017406,-0.002398,0.031287,-1.381665,-1.319979
