time, Quad.Est.E.Yaw, Quad.Est.E.Pitch, Quad.Est.E.Roll, Quad.Est.E.MaxEuler
0.005000,0.000000,-0.000021,0.000010,0.000021
0.010000,0.000001,-0.000113,0.000011,0.000113
0.015000,0.000000,-0.000496,0.000013,0.000496
0.020000,-0.000001,-0.000936,0.000001,0.000936
0.025000,-0.000003,-0.001920,-0.000043,0.001920
0.030000,-0.000003,-0.002805,-0.000063,0.002805
0.035000,-0.000007,-0.004359,-0.000102,0.004359
0.040000,-0.000013,-0.005496,-0.000105,0.005496
0.045000,-0.000032,-0.007323,-0.000096,0.007323
0.050000,-0.000054,-0.008561,-0.000090,0.008561
0.055000,-0.000107,-0.010232,-0.000083,0.010232
0.060000,-0.000156,-0.011097,-0.000071,0.011097
0.065000,-0.000251,-0.011929,-0.000012,0.011929
0.070000,-0.000323,-0.012132,0.000036,0.012132
0.075000,-0.000436,-0.011962,0.000091,0.011962
0.080000,-0.000514,-0.011566,0.000117,0.011566
0.085000,-0.000630,-0.010659,0.000151,0.010659
0.090000,-0.000707,-0.009938,0.000189,0.009938
0.095000,-0.000820,-0.008796,0.000252,0.008796
0.100000,-0.000893,-0.008020,0.000302,0.008020
0.105000,-0.000997,-0.006909,0.000385,0.006909
0.110000,-0.001062,-0.006245,0.000443,0.006245
0.115000,-0.001154,-0.005359,0.000519,0.005359
0.120000,-0.001210,-0.004859,0.000559,0.004859
0.125000,-0.001288,-0.004277,0.000602,0.004277
0.130000,-0.001336,-0.003985,0.000644,0.003985
0.135000,-0.001404,-0.003685,0.000716,0.003685
0.140000,-0.001449,-0.003529,0.000763,0.003529
0.145000,-0.001510,-0.003115,0.000826,0.003115
0.150000,-0.001545,-0.002598,0.000876,0.002598
0.155000,-0.001581,-0.001365,0.000916,0.001581
0.160000,-0.001591,-0.000254,0.000942,0.001591
0.165000,-0.001582,0.001767,0.000949,0.001767
0.170000,-0.001560,0.003298,0.000944,0.003298
0.175000,-0.001510,0.005808,0.000911,0.005808
0.180000,-0.001468,0.007572,0.000870,0.007572
0.185000,-0.001394,0.010293,0.000827,0.010293
0.190000,-0.001339,0.012104,0.000814,0.012104
0.195000,-0.001258,0.014763,0.000803,0.014763
0.200000,-0.001208,0.016466,0.000795,0.016466
0.205000,-0.001146,0.018765,0.000774,0.018765
0.210000,-0.001117,0.019933,0.000768,0.019933
0.215000,-0.001095,0.020928,0.000746,0.020928
0.220000,-0.001093,0.021041,0.000725,0.021041
0.225000,-0.001100,0.020514,0.000696,0.020514
0.230000,-0.001107,0.019792,0.000682,0.019792
0.235000,-0.001113,0.018305,0.000681,0.018305
0.240000,-0.001115,0.017118,0.000678,0.017118
0.245000,-0.001116,0.015209,0.000679,0.015209
0.250000,-0.001116,0.013896,0.000690,0.013896
0.255000,-0.001116,0.011930,0.000722,0.011930
0.260000,-0.001120,0.010642,0.000736,0.010642
0.265000,-0.001132,0.008791,0.000755,0.008791
0.270000,-0.001147,0.007671,0.000750,0.007671
0.275000,-0.001174,0.006234,0.000743,0.006234
0.280000,-0.001195,0.005475,0.000738,0.005475
0.285000,-0.001229,0.004620,0.000700,0.004620
0.290000,-0.001254,0.004234,0.000666,0.004234
0.295000,-0.001290,0.003871,0.000606,0.003871
0.300000,-0.001315,0.003728,0.000579,0.003728
0.305000,-0.001351,0.003630,0.000584,0.003630
0.310000,-0.001374,0.003603,0.000592,0.003603
0.314999,-0.001410,0.003576,0.000598,0.003576
0.319999,-0.001434,0.003570,0.000602,0.003570
0.324999,-0.001473,0.003542,0.000606,0.003542
0.329999,-0.001501,0.003484,0.000604,0.003484
0.334999,-0.001548,0.003287,0.000579,0.003287
0.339999,-0.001579,0.003049,0.000557,0.003049
0.344999,-0.001624,0.002508,0.000511,0.002508
0.349999,-0.001650,0.002037,0.000482,0.002037
0.354999,-0.001679,0.001170,0.000469,0.001679
0.359999,-0.001689,0.000527,0.000466,0.001689
0.364999,-0.001689,-0.000470,0.000449,0.001689
0.369999,-0.001679,-0.001157,0.000455,0.001679
0.374999,-0.001650,-0.002162,0.000520,0.002162
0.379999,-0.001623,-0.002766,0.000580,0.002766
0.384999,-0.001569,-0.003585,0.000666,0.003585
0.389999,-0.001525,-0.004035,0.000705,0.004035
0.394998,-0.001450,-0.004552,0.000743,0.004552
0.399998,-0.001395,-0.004806,0.000769,0.004806
0.404998,-0.001308,-0.005072,0.000811,0.005072
0.409998,-0.001248,-0.005184,0.000829,0.005184
0.414998,-0.001157,-0.005234,0.000871,0.005234
0.419998,-0.001096,-0.005219,0.000891,0.005219
0.424998,-0.001007,-0.005114,0.000906,0.005114
0.429998,-0.000950,-0.005013,0.000921,0.005013
0.434998,-0.000871,-0.004855,0.000960,0.004855
0.439998,-0.000822,-0.004776,0.000971,0.004776
0.444998,-0.000755,-0.004698,0.000971,0.004698
0.449998,-0.000715,-0.004679,0.000976,0.004679
0.454998,-0.000663,-0.004679,0.001003,0.004679
0.459998,-0.000632,-0.004693,0.001019,0.004693
0.464998,-0.000591,-0.004714,0.001058,0.004714
0.469997,-0.000566,-0.004724,0.001081,0.004724
0.474997,-0.000529,-0.004725,0.001110,0.004725
0.479997,-0.000506,-0.004726,0.001114,0.004726
0.484997,-0.000471,-0.004721,0.001109,0.004721
0.489997,-0.000447,-0.004725,0.001093,0.004725
0.494997,-0.000415,-0.004744,0.001082,0.004744
0.499997,-0.000396,-0.004738,0.001074,0.004738
0.504997,-0.000372,-0.004666,0.001101,0.004666
0.509997,-0.000358,-0.004590,0.001123,0.004590
0.514997,-0.000340,-0.004432,0.001156,0.004432
0.519997,-0.000328,-0.004306,0.001176,0.004306
0.524997,-0.000309,-0.004128,0.001208,0.004128
0.529997,-0.000295,-0.004020,0.001218,0.004020
0.534997,-0.000274,-0.003858,0.001244,0.003858
0.539997,-0.000257,-0.003745,0.001260,0.003745
0.544997,-0.000228,-0.003615,0.001268,0.003615
0.549996,-0.000205,-0.003536,0.001273,0.003536
0.554996,-0.000165,-0.003423,0.001272,0.003423
0.559996,-0.000134,-0.003361,0.001253,0.003361
0.564996,-0.000085,-0.003267,0.001218,0.003267
0.569996,-0.000050,-0.003202,0.001194,0.003202
0.574996,0.000001,-0.003082,0.001139,0.003082
0.579996,0.000032,-0.002992,0.001089,0.002992
0.584996,0.000075,-0.002845,0.001039,0.002845
0.589996,0.000099,-0.002737,0.001016,0.002737
0.594996,0.000128,-0.002575,0.000981,0.002575
0.599996,0.000141,-0.002459,0.000972,0.002459
0.604996,0.000152,-0.002292,0.000975,0.002292
0.609996,0.000154,-0.002182,0.000979,0.002182
0.614996,0.000149,-0.002041,0.000992,0.002041
0.619996,0.000143,-0.001960,0.001008,0.001960
0.624996,0.000128,-0.001848,0.001046,0.001848
0.629995,0.000116,-0.001762,0.001077,0.001762
0.634995,0.000096,-0.001649,0.001119,0.001649
0.639995,0.000084,-0.001564,0.001150,0.001564
0.644995,0.000065,-0.001415,0.001184,0.001415
0.649995,0.000053,-0.001318,0.001212,0.001318
0.654995,0.000035,-0.001169,0.001258,0.001258
0.659995,0.000022,-0.001075,0.001286,0.001286
0.664995,0.000006,-0.000933,0.001296,0.001296
0.669995,-0.000002,-0.000842,0.001286,0.001286
0.674995,-0.000010,-0.000687,0.001269,0.001269
0.679995,-0.000014,-0.000577,0.001250,0.001250
0.684995,-0.000018,-0.000414,0.001229,0.001229
0.689995,-0.000021,-0.000295,0.001216,0.001216
0.694995,-0.000025,-0.000152,0.001187,0.001187
0.699995,-0.000029,-0.000088,0.001155,0.001155
0.704994,-0.000034,0.000003,0.001144,0.001144
0.709994,-0.000036,0.000063,0.001155,0.001155
0.714994,-0.000040,0.000136,0.001171,0.001171
0.719994,-0.000041,0.000171,0.001167,0.001167
0.724994,-0.000043,0.000205,0.001187,0.001187
0.729994,-0.000042,0.000227,0.001218,0.001218
0.734994,-0.000041,0.000253,0.001255,0.001255
0.739994,-0.000038,0.000290,0.001245,0.001245
0.744994,-0.000036,0.000354,0.001217,0.001217
0.749994,-0.000034,0.000401,0.001192,0.001192
0.754994,-0.000031,0.000485,0.001165,0.001165
0.759994,-0.000029,0.000552,0.001148,0.001148
0.764994,-0.000025,0.000635,0.001116,0.001116
0.769994,-0.000023,0.000683,0.001107,0.001107
0.774994,-0.000020,0.000740,0.001107,0.001107
0.779994,-0.000017,0.000772,0.001115,0.001115
0.784993,-0.000013,0.000806,0.001134,0.001134
0.789993,-0.000010,0.000839,0.001146,0.001146
0.794993,-0.000005,0.000870,0.001166,0.001166
0.799993,-0.000001,0.000896,0.001182,0.001182
0.804993,0.000004,0.000908,0.001203,0.001203
0.809993,0.000007,0.000908,0.001203,0.001203
0.814993,0.000010,0.000897,0.001179,0.001179
0.819993,0.000013,0.000877,0.001174,0.001174
0.824993,0.000016,0.000864,0.001171,0.001171
0.829993,0.000016,0.000839,0.001168,0.001168
0.834993,0.000014,0.000805,0.001145,0.001145
0.839993,0.000014,0.000785,0.001140,0.001140
0.844993,0.000012,0.000784,0.001149,0.001149
0.849993,0.000011,0.000795,0.001143,0.001143
0.854993,0.000009,0.000820,0.001117,0.001117
0.859993,0.000007,0.000822,0.001086,0.001086
0.864992,0.000004,0.000806,0.001062,0.001062
0.869992,0.000003,0.000803,0.001047,0.001047
0.874992,0.000002,0.000788,0.001036,0.001036
0.879992,0.000000,0.000787,0.001027,0.001027
0.884992,-0.000001,0.000799,0.001020,0.001020
0.889992,-0.000002,0.000804,0.001011,0.001011
0.894992,-0.000002,0.000800,0.001002,0.001002
0.899992,-0.000003,0.000793,0.000991,0.000991
0.904992,-0.000002,0.000779,0.000978,0.000978
0.909992,0.000001,0.000771,0.000882,0.000882
0.914992,0.000006,0.000757,0.000515,0.000757
0.919992,0.000011,0.000741,0.000092,0.000741
0.924992,0.000027,0.000679,-0.000903,0.000903
0.929992,0.000048,0.000654,-0.001777,0.001777
0.934992,0.000102,0.000636,-0.003331,0.003331
0.939991,0.000157,0.000609,-0.004499,0.004499
0.944991,0.000278,0.000564,-0.006373,0.006373
0.949991,0.000386,0.000538,-0.007627,0.007627
0.954991,0.000594,0.000510,-0.009313,0.009313
0.959991,0.000763,0.000497,-0.010173,0.010173
0.964991,0.001056,0.000472,-0.010970,0.010970
0.969991,0.001265,0.000467,-0.011170,0.011170
0.974991,0.001590,0.000466,-0.010998,0.010998
0.979991,0.001816,0.000490,-0.010628,0.010628
0.984991,0.002181,0.000551,-0.009799,0.009799
0.989991,0.002452,0.000608,-0.009117,0.009117
0.994991,0.002921,0.000734,-0.007999,0.007999
0.999991,0.003295,0.000850,-0.007233,0.007233
1.004991,0.003978,0.001056,-0.006122,0.006122
1.009991,0.004510,0.001210,-0.005438,0.005438
1.014991,0.005398,0.001444,-0.004573,0.005398
1.019992,0.006024,0.001602,-0.004102,0.006024
1.024992,0.006991,0.001850,-0.003545,0.006991
1.029992,0.007640,0.001997,-0.003277,0.007640
1.034992,0.008552,0.002196,-0.003001,0.008552
1.039993,0.009120,0.002316,-0.002862,0.009120
1.044993,0.009872,0.002457,-0.002453,0.009872
1.049993,0.010304,0.002529,-0.001933,0.010304
1.054993,0.010842,0.002615,-0.000705,0.010842
1.059994,0.011134,0.002655,0.000389,0.011134
1.064994,0.011480,0.002692,0.002395,0.011480
1.069994,0.011658,0.002714,0.003923,0.011658
1.074994,0.011885,0.002740,0.006395,0.011885
1.079994,0.012011,0.002750,0.008124,0.012011
1.084995,0.012177,0.002775,0.010772,0.012177
1.089995,0.012283,0.002791,0.012529,0.012529
1.094995,0.012428,0.002813,0.015108,0.015108
1.099995,0.012516,0.002831,0.016767,0.016767
1.104996,0.012666,0.002918,0.019042,0.019042
1.109996,0.012802,0.002994,0.020197,0.020197
1.114996,0.013032,0.003117,0.021176,0.021176
1.119996,0.013178,0.003193,0.021285,0.021285
1.124997,0.013330,0.003281,0.020787,0.020787
1.129997,0.013357,0.003332,0.020116,0.020116
1.134997,0.013253,0.003388,0.018697,0.018697
1.139997,0.013082,0.003431,0.017557,0.017557
1.144997,0.012666,0.003524,0.015662,0.015662
1.149998,0.012282,0.003601,0.014357,0.014357
1.154998,0.011560,0.003735,0.012390,0.012390
1.159998,0.011001,0.003831,0.011088,0.011088
1.164998,0.010098,0.003970,0.009211,0.010098
1.169999,0.009503,0.004028,0.008067,0.009503
1.174999,0.008727,0.004092,0.006584,0.008727
1.179999,0.008308,0.004121,0.005780,0.008308
1.184999,0.007863,0.004143,0.004848,0.007863
1.190000,0.007673,0.004169,0.004409,0.007673
1.195000,0.007499,0.004200,0.004008,0.007499
1.200000,0.007461,0.004192,0.003877,0.007461
1.205000,0.007532,0.004168,0.003849,0.007532
1.210001,0.007645,0.004156,0.003885,0.007645
1.215001,0.007884,0.004108,0.003960,0.007884
1.220001,0.008104,0.004068,0.003992,0.008104
1.225001,0.008492,0.004023,0.003957,0.008492
1.230001,0.008759,0.004001,0.003838,0.008759
1.235002,0.009157,0.003990,0.003481,0.009157
1.240002,0.009406,0.003994,0.003123,0.009406
1.245002,0.009719,0.004042,0.002420,0.009719
1.250002,0.009868,0.004100,0.001860,0.009868
1.255003,0.010019,0.004171,0.000916,0.010019
1.260003,0.010108,0.004210,0.000251,0.010108
1.265003,0.010251,0.004264,-0.000748,0.010251
1.270003,0.010346,0.004312,-0.001378,0.010346
1.275004,0.010471,0.004384,-0.002219,0.010471
1.280004,0.010550,0.004429,-0.002684,0.010550
1.285004,0.010669,0.004488,-0.003278,0.010669
1.290004,0.010770,0.004505,-0.003624,0.010770
1.295004,0.010964,0.004538,-0.004040,0.010964
1.300005,0.011092,0.004577,-0.004242,0.011092
1.305005,0.011246,0.004654,-0.004436,0.011246
1.310005,0.011318,0.004706,-0.004526,0.011318
1.315005,0.011422,0.004740,-0.004579,0.011422
1.320006,0.011523,0.004737,-0.004575,0.011523
1.325006,0.011746,0.004711,-0.004520,0.011746
1.330006,0.011927,0.004697,-0.004480,0.011927
1.335006,0.012212,0.004692,-0.004408,0.012212
1.340007,0.012404,0.004683,-0.004353,0.012404
1.345007,0.012684,0.004694,-0.004252,0.012684
1.350007,0.012849,0.004719,-0.004197,0.012849
1.355007,0.013044,0.004756,-0.004131,0.013044
1.360008,0.013157,0.004765,-0.004111,0.013157
1.365008,0.013327,0.004780,-0.004081,0.013327
1.370008,0.013432,0.004795,-0.004053,0.013432
1.375008,0.013560,0.004852,-0.003993,0.013560
1.380008,0.013617,0.004891,-0.003946,0.013617
1.385009,0.013674,0.004935,-0.003882,0.013674
1.390009,0.013704,0.004957,-0.003840,0.013704
1.395009,0.013746,0.004968,-0.003763,0.013746
1.400009,0.013787,0.004965,-0.003706,0.013787
1.405010,0.013863,0.004970,-0.003622,0.013863
1.410010,0.013917,0.004988,-0.003564,0.013917
1.415010,0.013985,0.005031,-0.003450,0.013985
1.420010,0.014023,0.005042,-0.003372,0.014023
1.425011,0.014078,0.005064,-0.003267,0.014078
1.430011,0.014112,0.005080,-0.003202,0.014112
1.435011,0.014155,0.005097,-0.003088,0.014155
1.440011,0.014182,0.005097,-0.003018,0.014182
1.445011,0.014228,0.005063,-0.002903,0.014228
1.450012,0.014264,0.005045,-0.002822,0.014264
1.455012,0.014315,0.005042,-0.002693,0.014315
1.460012,0.014345,0.005052,-0.002608,0.014345
1.465012,0.014380,0.005078,-0.002467,0.014380
1.470013,0.014395,0.005105,-0.002358,0.014395
1.475013,0.014408,0.005144,-0.002210,0.014408
1.480013,0.014410,0.005162,-0.002120,0.014410
1.485013,0.014410,0.005175,-0.001982,0.014410
1.490014,0.014408,0.005192,-0.001893,0.014408
1.495014,0.014405,0.005235,-0.001723,0.014405
1.500014,0.014405,0.005269,-0.001604,0.014405
1.505014,0.014411,0.005317,-0.001436,0.014411
1.510015,0.014423,0.005338,-0.001328,0.014423
1.515015,0.014447,0.005332,-0.001175,0.014447
1.520015,0.014464,0.005321,-0.001083,0.014464
1.525015,0.014488,0.005282,-0.000935,0.014488
1.530015,0.014500,0.005234,-0.000862,0.014500
1.535016,0.014505,0.005167,-0.000777,0.014505
1.540016,0.014499,0.005141,-0.000718,0.014499
1.545016,0.014485,0.005108,-0.000619,0.014485
1.550016,0.014473,0.005087,-0.000537,0.014473
1.555017,0.014448,0.005054,-0.000395,0.014448
1.560017,0.014429,0.005041,-0.000297,0.014429
1.565017,0.014393,0.005003,-0.000154,0.014393
1.570017,0.014362,0.004989,-0.000041,0.014362
1.575018,0.014315,0.004978,0.000126,0.014315
1.580018,0.014286,0.004969,0.000230,0.014286
1.585018,0.014242,0.004960,0.000350,0.014242
1.590018,0.014213,0.004947,0.000411,0.014213
1.595019,0.014167,0.004927,0.000478,0.014167
1.600019,0.014137,0.004930,0.000526,0.014137
1.605019,0.014095,0.004931,0.000611,0.014095
1.610019,0.014074,0.004954,0.000660,0.014074
1.615019,0.014060,0.004977,0.000735,0.014060
1.620020,0.014061,0.004982,0.000769,0.014061
1.625020,0.014069,0.004999,0.000848,0.014069
1.630020,0.014084,0.005022,0.000901,0.014084
1.635020,0.014130,0.005080,0.000942,0.014130
1.640021,0.014180,0.005121,0.000962,0.014180
1.645021,0.014278,0.005146,0.001012,0.014278
1.650021,0.014348,0.005141,0.001042,0.014348
1.655021,0.014454,0.005146,0.001089,0.014454
1.660022,0.014528,0.005142,0.001141,0.014528
1.665022,0.014633,0.005111,0.001223,0.014633
1.670022,0.014695,0.005094,0.001290,0.014695
1.675022,0.014776,0.005053,0.001386,0.014776
1.680022,0.014819,0.005016,0.001438,0.014819
1.685023,0.014857,0.004938,0.001468,0.014857
1.690023,0.014863,0.004875,0.001478,0.014863
1.695023,0.014840,0.004806,0.001501,0.014840
1.700023,0.014815,0.004778,0.001509,0.014815
1.705024,0.014769,0.004748,0.001520,0.014769
1.710024,0.014736,0.004750,0.001523,0.014736
1.715024,0.014695,0.004760,0.001519,0.014695
1.720024,0.014673,0.004759,0.001517,0.014673
1.725025,0.014647,0.004785,0.001509,0.014647
1.730025,0.014640,0.004817,0.001496,0.014640
1.735025,0.014653,0.004891,0.001491,0.014653
1.740025,0.014677,0.004931,0.001484,0.014677
1.745026,0.014731,0.004968,0.001496,0.014731
1.750026,0.014775,0.004993,0.001510,0.014775
1.755026,0.014845,0.004978,0.001545,0.014845
1.760026,0.014886,0.004949,0.001565,0.014886
1.765026,0.014934,0.004905,0.001584,0.014934
1.770027,0.014955,0.004869,0.001587,0.014955
1.775027,0.014976,0.004837,0.001580,0.014976
1.780027,0.014988,0.004830,0.001566,0.014988
1.785027,0.015004,0.004834,0.001556,0.015004
1.790028,0.015017,0.004838,0.001547,0.015017
1.795028,0.015034,0.004830,0.001544,0.015034
1.800028,0.015045,0.004836,0.001525,0.015045
1.805028,0.015062,0.004835,0.001486,0.015062
1.810029,0.015074,0.004868,0.001415,0.015074
1.815029,0.015116,0.005106,0.001116,0.015116
1.820029,0.015186,0.005435,0.000780,0.015186
1.825029,0.015399,0.006117,0.000095,0.015399
1.830029,0.015642,0.006691,-0.000494,0.015642
1.835030,0.016217,0.007684,-0.001520,0.016217
1.840030,0.016796,0.008428,-0.002257,0.016796
1.845030,0.018081,0.009597,-0.003430,0.018081
1.850030,0.019311,0.010425,-0.004204,0.019311
1.855031,0.021921,0.011709,-0.005276,0.021921
1.860031,0.024313,0.012620,-0.005905,0.024313
1.865031,0.029172,0.014090,-0.006601,0.029172
1.870031,0.033444,0.015123,-0.006778,0.033444
1.875032,0.041658,0.016691,-0.006303,0.041658
1.880032,0.048419,0.017768,-0.005362,0.048419
1.885032,0.060492,0.019480,-0.002883,0.060492
1.890032,0.069739,0.020703,-0.000479,0.069739
1.895033,0.085120,0.022731,0.004267,0.085120
1.900033,0.096151,0.024221,0.008123,0.096151
1.905033,0.113410,0.026626,0.014765,0.113410
1.910033,0.125100,0.028336,0.019591,0.125100
1.915033,0.142525,0.031062,0.027178,0.142525
1.920034,0.153918,0.032936,0.032354,0.153918
1.925034,0.170247,0.035466,0.040209,0.170247
1.930034,0.180142,0.036763,0.045307,0.180142
1.935034,0.192546,0.037817,0.052158,0.192546
1.940035,0.198699,0.037804,0.055815,0.198699
1.945035,0.204131,0.036475,0.059475,0.204131
1.950035,0.204935,0.034666,0.060508,0.204935
1.955035,0.201747,0.030546,0.059758,0.201747
1.960036,0.196694,0.026902,0.057753,0.196694
1.965036,0.184970,0.020298,0.052704,0.184970
1.970036,0.174672,0.015286,0.048215,0.174672
1.975036,0.156159,0.007206,0.040279,0.156159
1.980036,0.142265,0.001676,0.034519,0.142265
1.985037,0.120142,-0.006338,0.025842,0.120142
1.990037,0.105221,-0.011268,0.020438,0.105221
1.995037,0.083724,-0.017709,0.013443,0.083724
2.000037,0.070616,-0.021236,0.009766,0.070616
2.005037,0.053742,-0.025314,0.005898,0.053742
2.010037,0.044825,-0.027168,0.004339,0.044825
2.015036,0.035647,-0.028680,0.003098,0.035647
2.020036,0.032578,-0.028981,0.002728,0.032578
2.025036,0.032649,-0.028708,0.002270,0.032649
2.030035,0.035699,-0.028266,0.001725,0.035699
2.035035,0.044362,-0.027544,0.000114,0.044362
2.040035,0.052539,-0.027188,-0.001694,0.052539
2.045034,0.067768,-0.026992,-0.005683,0.067768
2.050034,0.079498,-0.027153,-0.009198,0.079498
2.055033,0.098775,-0.027852,-0.015655,0.098775
2.060033,0.112372,-0.028611,-0.020645,0.112372
2.065033,0.133297,-0.030119,-0.028919,0.133297
2.070032,0.147291,-0.031304,-0.034796,0.147291
2.075032,0.167888,-0.033259,-0.043882,0.167888
2.080032,0.181148,-0.034622,-0.049989,0.181148
2.085031,0.200036,-0.036604,-0.059004,0.200036
2.090031,0.211746,-0.037757,-0.064751,0.211746
2.095031,0.227516,-0.039019,-0.072692,0.227516
2.100030,0.236522,-0.039439,-0.077293,0.236522
2.105030,0.247276,-0.039205,-0.082826,0.247276
2.110029,0.252302,-0.038390,-0.085367,0.252302
2.115029,0.256299,-0.036104,-0.087148,0.256299
2.120029,0.256501,-0.033862,-0.086911,0.256501
2.125028,0.253107,-0.029498,-0.084396,0.253107
2.130028,0.248503,-0.026013,-0.081343,0.248503
2.135028,0.238523,-0.020199,-0.074949,0.238523
2.140027,0.230226,-0.016133,-0.069740,0.230226
2.145027,0.216155,-0.010049,-0.060960,0.216155
2.150027,0.206163,-0.006174,-0.054754,0.206163
2.155026,0.191013,-0.000817,-0.045395,0.191013
2.160026,0.181169,0.002349,-0.039352,0.181169
2.165025,0.167271,0.006446,-0.030876,0.167271
2.170025,0.158748,0.008774,-0.025717,0.158748
2.175025,0.147169,0.011692,-0.018788,0.147169
2.180024,0.140283,0.013293,-0.014706,0.140283
2.185024,0.131128,0.015315,-0.009310,0.131128
2.190024,0.125714,0.016448,-0.006148,0.125714
2.195023,0.118493,0.017897,-0.002015,0.118493
2.200023,0.114180,0.018751,0.000379,0.114180
2.205023,0.108297,0.019914,0.003492,0.108297
2.210022,0.104679,0.020636,0.005289,0.104679
2.215022,0.099599,0.021624,0.007627,0.099599
2.220021,0.096406,0.022230,0.008974,0.096406
2.225021,0.091857,0.023062,0.010742,0.091857
2.230021,0.088967,0.023574,0.011760,0.088967
2.235020,0.084826,0.024255,0.013090,0.084826
2.240020,0.082200,0.024645,0.013867,0.082200
2.245020,0.078479,0.025132,0.014911,0.078479
2.250019,0.076153,0.025385,0.015532,0.076153
2.255019,0.072924,0.025657,0.016353,0.072924
2.260019,0.070949,0.025791,0.016815,0.070949
2.265018,0.068253,0.025898,0.017418,0.068253
2.270018,0.066640,0.025911,0.017754,0.066640
2.275017,0.064494,0.025876,0.018178,0.064494
2.280017,0.063239,0.025819,0.018405,0.063239
2.285017,0.061608,0.025680,0.018658,0.061608
2.290016,0.060680,0.025580,0.018790,0.060680
2.295016,0.059511,0.025395,0.018968,0.059511
2.300016,0.058869,0.025275,0.019059,0.058869
2.305015,0.058096,0.025069,0.019171,0.058096
2.310015,0.057696,0.024943,0.019231,0.057696
2.315015,0.057250,0.024772,0.019309,0.057250
2.320014,0.057046,0.024662,0.019368,0.057046
2.325014,0.056867,0.024518,0.019470,0.056867
2.330014,0.056822,0.024448,0.019541,0.056822
2.335013,0.056854,0.024339,0.019631,0.056854
2.340013,0.056934,0.024264,0.019676,0.056934
2.345012,0.057134,0.024169,0.019757,0.057134
2.350012,0.057315,0.024114,0.019810,0.057315
2.355012,0.057649,0.024040,0.019909,0.057649
2.360011,0.057911,0.023989,0.020002,0.057911
2.365011,0.058349,0.023934,0.020164,0.058349
2.370011,0.058668,0.023910,0.020278,0.058668
2.375010,0.059180,0.023888,0.020478,0.059180
2.380010,0.059538,0.023869,0.020629,0.059538
2.385010,0.060091,0.023864,0.020857,0.060091
2.390009,0.060466,0.023859,0.021043,0.060466
2.395009,0.061030,0.023853,0.021308,0.061030
2.400008,0.061399,0.023849,0.021500,0.061399
2.405008,0.061934,0.023836,0.021777,0.061934
2.410008,0.062272,0.023824,0.021961,0.062272
2.415007,0.062747,0.023827,0.022234,0.062747
2.420007,0.063041,0.023821,0.022434,0.063041
2.425007,0.063438,0.023816,0.022740,0.063438
2.430006,0.063673,0.023829,0.022928,0.063673
2.435006,0.063989,0.023876,0.023192,0.063989
2.440006,0.064176,0.023906,0.023369,0.064176
2.445005,0.064420,0.023954,0.023618,0.064420
2.450005,0.064558,0.023996,0.023782,0.064558
2.455004,0.064737,0.024070,0.024004,0.064737
2.460004,0.064835,0.024121,0.024160,0.064835
2.465004,0.064954,0.024170,0.024378,0.064954
2.470003,0.065009,0.024205,0.024520,0.065009
2.475003,0.065063,0.024292,0.024745,0.065063
2.480003,0.065083,0.024339,0.024882,0.065083
2.485002,0.065088,0.024392,0.025061,0.065088
2.490002,0.065069,0.024415,0.025176,0.065069
2.495002,0.065007,0.024478,0.025373,0.065007
2.500001,0.064952,0.024520,0.025524,0.064952
2.505001,0.064849,0.024593,0.025743,0.064849
2.510000,0.064770,0.024640,0.025872,0.064770
2.515000,0.064638,0.024706,0.026008,0.064638
2.520000,0.064540,0.024740,0.026081,0.064540
2.524999,0.064378,0.024783,0.026154,0.064378
2.529999,0.064255,0.024800,0.026196,0.064255
2.534999,0.064051,0.024830,0.026278,0.064051
2.539998,0.063905,0.024862,0.026324,0.063905
2.544998,0.063678,0.024930,0.026379,0.063678
2.549998,0.063525,0.024976,0.026421,0.063525
2.554997,0.063290,0.025010,0.026518,0.063290
2.559997,0.063128,0.025053,0.026578,0.063128
2.564996,0.062889,0.025131,0.026670,0.062889
2.569996,0.062735,0.025196,0.026742,0.062735
2.574996,0.062520,0.025307,0.026848,0.062520
2.579995,0.062387,0.025364,0.026894,0.062387
2.584995,0.062192,0.025413,0.026933,0.062192
2.589995,0.062060,0.025419,0.026974,0.062060
2.594994,0.061857,0.025443,0.027039,0.061857
2.599994,0.061721,0.025466,0.027073,0.061721
2.604994,0.061519,0.025501,0.027118,0.061519
2.609993,0.061386,0.025516,0.027143,0.061386
2.614993,0.061186,0.025540,0.027163,0.061186
2.619992,0.061055,0.025571,0.027180,0.061055
2.624992,0.060867,0.025621,0.027220,0.060867
2.629992,0.060745,0.025656,0.027248,0.060745
2.634991,0.060576,0.025739,0.027310,0.060576
2.639991,0.060475,0.025802,0.027338,0.060475
2.644991,0.060340,0.025890,0.027376,0.060340
2.649990,0.060261,0.025944,0.027384,0.060261
2.654990,0.060154,0.026003,0.027381,0.060154
2.659990,0.060089,0.026034,0.027357,0.060089
2.664989,0.059998,0.026083,0.027313,0.059998
2.669989,0.059942,0.026120,0.027263,0.059942
2.674989,0.059865,0.026183,0.027197,0.059865
2.679988,0.059820,0.026215,0.027177,0.059820
2.684988,0.059759,0.026256,0.027139,0.059759
2.689987,0.059721,0.026277,0.027129,0.059721
2.694987,0.059666,0.026292,0.027132,0.059666
2.699987,0.059630,0.026303,0.027151,0.059630
2.704986,0.059577,0.026314,0.027194,0.059577
2.709986,0.059544,0.026318,0.027224,0.059544
2.714986,0.059501,0.026326,0.027262,0.059501
2.719985,0.059479,0.026352,0.027277,0.059479
2.724985,0.059458,0.026383,0.027302,0.059458
2.729985,0.059451,0.026408,0.027307,0.059451
2.734984,0.059453,0.026443,0.027310,0.059453
2.739984,0.059464,0.026478,0.027296,0.059464
2.744983,0.059491,0.026533,0.027270,0.059491
2.749983,0.059517,0.026566,0.027233,0.059517
2.754983,0.059566,0.026581,0.027190,0.059566
2.759982,0.059605,0.026573,0.027166,0.059605
2.764982,0.059671,0.026558,0.027114,0.059671
2.769982,0.059720,0.026545,0.027089,0.059720
2.774981,0.059798,0.026518,0.027068,0.059798
2.779981,0.059852,0.026511,0.027052,0.059852
2.784981,0.059938,0.026499,0.026991,0.059938
2.789980,0.060000,0.026490,0.026946,0.060000
2.794980,0.060099,0.026475,0.026865,0.060099
2.799979,0.060167,0.026448,0.026818,0.060167
2.804979,0.060273,0.026409,0.026760,0.060273
2.809979,0.060345,0.026398,0.026714,0.060345
2.814978,0.060456,0.026389,0.026655,0.060456
2.819978,0.060531,0.026396,0.026628,0.060531
2.824978,0.060647,0.026397,0.026582,0.060647
2.829977,0.060725,0.026386,0.026555,0.060725
2.834977,0.060842,0.026369,0.026490,0.060842
2.839977,0.060922,0.026349,0.026437,0.060922
2.844976,0.061043,0.026337,0.026378,0.061043
2.849976,0.061124,0.026341,0.026335,0.061124
2.854975,0.061246,0.026356,0.026266,0.061246
2.859975,0.061326,0.026363,0.026209,0.061326
2.864975,0.061445,0.026368,0.026119,0.061445
2.869974,0.061524,0.026368,0.026060,0.061524
2.874974,0.061640,0.026345,0.025966,0.061640
2.879974,0.061716,0.026335,0.025930,0.061716
2.884973,0.061830,0.026308,0.025923,0.061830
2.889973,0.061904,0.026296,0.025937,0.061904
2.894973,0.062014,0.026319,0.025966,0.062014
2.899972,0.062088,0.026342,0.025963,0.062088
2.904972,0.062198,0.026397,0.025955,0.062198
2.909971,0.062271,0.026444,0.025940,0.062271
2.914971,0.062379,0.026507,0.025917,0.062379
2.919971,0.062449,0.026547,0.025904,0.062449
2.924970,0.062552,0.026585,0.025848,0.062552
2.929970,0.062621,0.026637,0.025795,0.062621
2.934970,0.062723,0.026686,0.025721,0.062723
2.939969,0.062791,0.026690,0.025655,0.062791
2.944969,0.062890,0.026696,0.025550,0.062890
2.949969,0.062955,0.026702,0.025485,0.062955
2.954968,0.063052,0.026714,0.025421,0.063052
2.959968,0.063115,0.026721,0.025409,0.063115
2.964967,0.063208,0.026717,0.025406,0.063208
2.969967,0.063269,0.026720,0.025405,0.063269
2.974967,0.063357,0.026754,0.025415,0.063357
2.979966,0.063415,0.026776,0.025443,0.063415
2.984966,0.063502,0.026784,0.025497,0.063502
2.989966,0.063558,0.026777,0.025522,0.063558
2.994965,0.063643,0.026755,0.025537,0.063643
2.999965,0.063700,0.026724,0.025521,0.063700
3.004965,0.063784,0.026657,0.025473,0.063784
3.009964,0.063839,0.026613,0.025424,0.063839
3.014964,0.063923,0.026530,0.025328,0.063923
3.019964,0.063980,0.026472,0.025272,0.063980
3.024963,0.064067,0.026369,0.025166,0.064067
3.029963,0.064126,0.026321,0.025097,0.064126
3.034962,0.064219,0.026237,0.024989,0.064219
3.039962,0.064281,0.026186,0.024898,0.064281
3.044962,0.064377,0.026128,0.024766,0.064377
3.049961,0.064442,0.026088,0.024663,0.064442
3.054961,0.064541,0.025990,0.024519,0.064541
3.059961,0.064607,0.025921,0.024423,0.064607
3.064960,0.064710,0.025827,0.024266,0.064710
3.069960,0.064779,0.025777,0.024147,0.064779
3.074960,0.064883,0.025707,0.023932,0.064883
3.079959,0.064953,0.025665,0.023785,0.064953
3.084959,0.065059,0.025602,0.023569,0.065059
3.089958,0.065130,0.025592,0.023407,0.065130
3.094958,0.065238,0.025566,0.023148,0.065238
3.099958,0.065311,0.025524,0.022965,0.065311
3.104957,0.065421,0.025430,0.022692,0.065421
3.109957,0.065495,0.025368,0.022501,0.065495
3.114957,0.065605,0.025259,0.022206,0.065605
3.119956,0.065678,0.025175,0.022027,0.065678
3.124956,0.065783,0.025057,0.021782,0.065783
3.129956,0.065853,0.024975,0.021626,0.065853
3.134955,0.065957,0.024880,0.021430,0.065957
3.139955,0.066025,0.024839,0.021300,0.066025
3.144954,0.066126,0.024775,0.021100,0.066126
3.149954,0.066195,0.024736,0.020951,0.066195
3.154954,0.066298,0.024727,0.020699,0.066298
3.159953,0.066366,0.024733,0.020522,0.066366
3.164953,0.066465,0.024768,0.020231,0.066465
3.169953,0.066529,0.024802,0.020041,0.066529
3.174952,0.066624,0.024862,0.019744,0.066624
3.179952,0.066687,0.024903,0.019539,0.066687
3.184952,0.066780,0.024970,0.019215,0.066780
3.189951,0.066841,0.025022,0.018973,0.066841
3.194951,0.066931,0.025112,0.018566,0.066931
3.199950,0.066991,0.025155,0.018289,0.066991
3.204950,0.067081,0.025227,0.017884,0.067081
3.209950,0.067140,0.025276,0.017608,0.067140
3.214949,0.067222,0.025376,0.017227,0.067222
3.219949,0.067274,0.025444,0.016976,0.067274
3.224949,0.067343,0.025515,0.016589,0.067343
3.229948,0.067384,0.025571,0.016341,0.067384
3.234948,0.067439,0.025635,0.015980,0.067439
3.239948,0.067471,0.025681,0.015738,0.067471
3.244947,0.067512,0.025743,0.015385,0.067512
3.249947,0.067535,0.025798,0.015180,0.067535
3.254946,0.067563,0.025874,0.014889,0.067563
3.259946,0.067578,0.025941,0.014720,0.067578
3.264946,0.067595,0.026061,0.014488,0.067595
3.269945,0.067604,0.026138,0.014332,0.067604
3.274945,0.067612,0.026241,0.014111,0.067612
3.279945,0.067613,0.026316,0.013980,0.067613
3.284944,0.067612,0.026444,0.013823,0.067612
3.289944,0.067611,0.026554,0.013715,0.067611
3.294944,0.067602,0.026718,0.013567,0.067602
3.299943,0.067594,0.026837,0.013476,0.067594
3.304943,0.067579,0.027019,0.013325,0.067579
3.309942,0.067567,0.027143,0.013221,0.067567
3.314942,0.067547,0.027314,0.013063,0.067547
3.319942,0.067533,0.027458,0.012966,0.067533
3.324941,0.067508,0.027677,0.012802,0.067508
3.329941,0.067490,0.027825,0.012694,0.067490
3.334941,0.067459,0.028035,0.012560,0.067459
3.339940,0.067439,0.028154,0.012479,0.067439
3.344940,0.067407,0.028344,0.012389,0.067407
3.349940,0.067386,0.028487,0.012345,0.067386
3.354939,0.067352,0.028692,0.012273,0.067352
3.359939,0.067328,0.028802,0.012245,0.067328
3.364938,0.067293,0.028954,0.012190,0.067293
3.369938,0.067270,0.029059,0.012148,0.067270
3.374938,0.067235,0.029221,0.012087,0.067235
3.379937,0.067212,0.029342,0.012060,0.067212
3.384937,0.067175,0.029538,0.012024,0.067175
3.389937,0.067150,0.029686,0.012007,0.067150
3.394936,0.067110,0.029886,0.011992,0.067110
3.399936,0.067085,0.030015,0.011982,0.067085
3.404936,0.067048,0.030224,0.011960,0.067048
3.409935,0.067024,0.030359,0.011925,0.067024
3.414935,0.066987,0.030515,0.011874,0.066987
3.419935,0.066962,0.030591,0.011849,0.066962
3.424934,0.066926,0.030718,0.011825,0.066926
3.429934,0.066903,0.030804,0.011815,0.066903
3.434933,0.066868,0.030919,0.011826,0.066868
3.439933,0.066845,0.030993,0.011857,0.066845
3.444933,0.066812,0.031097,0.011915,0.066812
3.449932,0.066790,0.031158,0.011943,0.066790
3.454932,0.066758,0.031241,0.011995,0.066758
3.459932,0.066736,0.031286,0.012039,0.066736
3.464931,0.066704,0.031319,0.012095,0.066704
3.469931,0.066682,0.031330,0.012148,0.066682
3.474931,0.066651,0.031360,0.012217,0.066651
3.479930,0.066630,0.031383,0.012241,0.066630
3.484930,0.066600,0.031413,0.012269,0.066600
3.489929,0.066580,0.031432,0.012266,0.066580
3.494929,0.066550,0.031453,0.012282,0.066550
3.499929,0.066530,0.031488,0.012283,0.066530
3.504928,0.066502,0.031534,0.012333,0.066502
3.509928,0.066484,0.031558,0.012396,0.066484
3.514928,0.066458,0.031593,0.012509,0.066458
3.519927,0.066442,0.031624,0.012584,0.066442
3.524927,0.066415,0.031693,0.012670,0.066415
3.529927,0.066398,0.031764,0.012725,0.066398
3.534926,0.066372,0.031904,0.012817,0.066372
3.539926,0.066354,0.032003,0.012869,0.066354
3.544925,0.066327,0.032155,0.012934,0.066327
3.549925,0.066310,0.032276,0.012970,0.066310
3.554925,0.066285,0.032428,0.013043,0.066285
3.559924,0.066269,0.032509,0.013100,0.066269
3.564924,0.066243,0.032625,0.013165,0.066243
3.569924,0.066226,0.032704,0.013207,0.066226
3.574923,0.066201,0.032796,0.013274,0.066201
3.579923,0.066184,0.032843,0.013320,0.066184
3.584923,0.066159,0.032913,0.013391,0.066159
3.589922,0.066144,0.032948,0.013449,0.066144
3.594922,0.066122,0.032991,0.013526,0.066122
3.599921,0.066108,0.033020,0.013576,0.066108
3.604921,0.066088,0.033043,0.013635,0.066088
3.609921,0.066074,0.033056,0.013683,0.066074
3.614920,0.066055,0.033068,0.013733,0.066055
3.619920,0.066043,0.033073,0.013766,0.066043
3.624920,0.066027,0.033080,0.013849,0.066027
3.629919,0.066019,0.033090,0.013907,0.066019
3.634919,0.066010,0.033118,0.013989,0.066010
3.639919,0.066006,0.033151,0.014034,0.066006
3.644918,0.066001,0.033212,0.014134,0.066001
3.649918,0.065999,0.033261,0.014204,0.065999
3.654917,0.065997,0.033307,0.014313,0.065997
3.659917,0.065997,0.033330,0.014381,0.065997
3.664917,0.065998,0.033380,0.014491,0.065998
3.669916,0.065999,0.033427,0.014569,0.065999
3.674916,0.066002,0.033470,0.014698,0.066002
3.679916,0.066005,0.033520,0.014760,0.066005
3.684915,0.066010,0.033603,0.014867,0.066010
3.689915,0.066015,0.033656,0.014945,0.066015
3.694915,0.066026,0.033732,0.015051,0.066026
3.699914,0.066034,0.033793,0.015129,0.066034
3.704914,0.066046,0.033891,0.015239,0.066046
3.709913,0.066054,0.033950,0.015310,0.066054
3.714913,0.066067,0.034003,0.015415,0.066067
3.719913,0.066076,0.034034,0.015480,0.066076
3.724912,0.066088,0.034083,0.015586,0.066088
3.729912,0.066097,0.034107,0.015635,0.066097
3.734912,0.066111,0.034131,0.015685,0.066111
3.739911,0.066120,0.034143,0.015721,0.066120
3.744911,0.066134,0.034140,0.015774,0.066134
3.749911,0.066145,0.034121,0.015814,0.066145
3.754910,0.066163,0.034071,0.015878,0.066163
3.759910,0.066175,0.034019,0.015916,0.066175
3.764910,0.066194,0.033950,0.015978,0.066194
3.769909,0.066206,0.033897,0.016006,0.066206
3.774909,0.066223,0.033823,0.016056,0.066223
3.779908,0.066236,0.033780,0.016091,0.066236
3.784908,0.066256,0.033722,0.016139,0.066256
3.789908,0.066268,0.033686,0.016161,0.066268
3.794907,0.066288,0.033622,0.016169,0.066288
3.799907,0.066301,0.033551,0.016182,0.066301
3.804907,0.066321,0.033434,0.016189,0.066321
3.809906,0.066333,0.033359,0.016180,0.066333
3.814906,0.066351,0.033266,0.016129,0.066351
3.819906,0.066363,0.033226,0.016089,0.066363
3.824905,0.066383,0.033161,0.016008,0.066383
3.829905,0.066395,0.033129,0.015962,0.066395
3.834904,0.066412,0.033096,0.015887,0.066412
3.839904,0.066424,0.033068,0.015828,0.066424
3.844904,0.066441,0.033073,0.015739,0.066441
3.849903,0.066452,0.033072,0.015692,0.066452
3.854903,0.066468,0.033064,0.015622,0.066468
3.859903,0.066479,0.033077,0.015599,0.066479
3.864902,0.066494,0.033103,0.015571,0.066494
3.869902,0.066503,0.033125,0.015539,0.066503
3.874902,0.066518,0.033152,0.015478,0.066518
3.879901,0.066528,0.033160,0.015421,0.066528
3.884901,0.066544,0.033153,0.015322,0.066544
3.889900,0.066553,0.033123,0.015248,0.066553
3.894900,0.066566,0.033094,0.015163,0.066566
3.899900,0.066575,0.033078,0.015113,0.066575
3.904899,0.066590,0.033057,0.015027,0.066590
3.909899,0.066598,0.033053,0.014988,0.066598
3.914899,0.066607,0.033086,0.014978,0.066607
3.919898,0.066609,0.033131,0.014988,0.066609
3.924898,0.066602,0.033201,0.015012,0.066602
3.929898,0.066594,0.033249,0.015040,0.066594
3.934897,0.066573,0.033345,0.015095,0.066573
3.939897,0.066553,0.033432,0.015149,0.066553
3.944896,0.066515,0.033558,0.015240,0.066515
3.949896,0.066483,0.033629,0.015291,0.066483
3.954896,0.066429,0.033744,0.015358,0.066429
