time, Quad.Est.E.Yaw
0.005000,0.000262
0.010000,0.002133
0.015000,0.000077
0.020000,-0.002793
0.025000,-0.002643
0.030000,-0.003343
0.035000,-0.004995
0.040000,-0.004734
0.045000,-0.004050
0.050000,-0.005006
0.055000,-0.003275
0.060000,-0.004468
0.065000,-0.007328
0.070000,-0.007255
0.075000,-0.005137
0.080000,-0.005992
0.085000,-0.002429
0.090000,-0.001460
0.095000,-0.002289
0.100000,-0.003242
0.105000,-0.003192
0.110000,-0.004790
0.115000,-0.004523
0.120000,-0.003820
0.125000,-0.002065
0.130000,-0.001667
0.135000,-0.004869
0.140000,-0.003686
0.145000,-0.005683
0.150000,-0.006435
0.155000,-0.009318
0.160000,-0.008717
0.165000,-0.009204
0.170000,-0.007950
0.175000,-0.008283
0.180000,-0.008718
0.185000,-0.011733
0.190000,-0.013786
0.195000,-0.014397
0.200000,-0.014013
0.205000,-0.013852
0.210000,-0.013765
0.215000,-0.014953
0.220000,-0.015935
0.225000,-0.013888
0.230000,-0.013379
0.235000,-0.011956
0.240000,-0.011582
0.245000,-0.008811
0.250000,-0.008332
0.255000,-0.013630
0.260000,-0.015867
0.265000,-0.013973
0.270000,-0.010595
0.275000,-0.009963
0.280000,-0.009419
0.285000,-0.009657
0.290000,-0.009623
0.295000,-0.009349
0.300000,-0.007998
0.305000,-0.005663
0.310000,-0.006138
0.314999,-0.005471
0.319999,-0.004648
0.324999,-0.003126
0.329999,-0.004587
0.334999,-0.003280
0.339999,-0.003471
0.344999,-0.003822
0.349999,-0.005125
0.354999,-0.005981
0.359999,-0.005428
0.364999,-0.006314
0.369999,-0.004889
0.374999,-0.006440
0.379999,-0.006441
0.384999,-0.007604
0.389999,-0.004643
0.394998,-0.007907
0.399998,-0.011316
0.404998,-0.008780
0.409998,-0.007788
0.414998,-0.005917
0.419998,-0.007285
0.424998,-0.006271
0.429998,-0.006903
0.434998,-0.008360
0.439998,-0.007566
0.444998,-0.007296
0.449998,-0.007530
0.454998,-0.009882
0.459998,-0.010636
0.464998,-0.011655
0.469997,-0.008524
0.474997,-0.005624
0.479997,-0.005398
0.484997,-0.004415
0.489997,-0.003375
0.494997,-0.000193
0.499997,0.000100
0.504997,-0.000908
0.509997,-0.002226
0.514997,-0.004645
0.519997,-0.006354
0.524997,-0.007653
0.529997,-0.006989
0.534997,-0.005716
0.539997,-0.004090
0.544997,-0.004966
0.549996,-0.005383
0.554996,-0.007548
0.559996,-0.007896
0.564996,-0.007928
0.569996,-0.006521
0.574996,-0.003676
0.579996,-0.004175
0.584996,-0.005418
0.589996,-0.006315
0.594996,-0.008411
0.599996,-0.007145
0.604996,-0.007615
0.609996,-0.006376
0.614996,-0.006418
0.619996,-0.009160
0.624996,-0.011310
0.629995,-0.012288
0.634995,-0.014264
0.639995,-0.015706
0.644995,-0.015604
0.649995,-0.019354
0.654995,-0.019748
0.659995,-0.017574
0.664995,-0.015576
0.669995,-0.015920
0.674995,-0.018648
0.679995,-0.017670
0.684995,-0.017573
0.689995,-0.018473
0.694995,-0.017948
0.699995,-0.019196
0.704994,-0.016800
0.709994,-0.017474
0.714994,-0.017048
0.719994,-0.016368
0.724994,-0.014837
0.729994,-0.018971
0.734994,-0.015307
0.739994,-0.015847
0.744994,-0.016722
0.749994,-0.015784
0.754994,-0.013297
0.759994,-0.014120
0.764994,-0.014429
0.769994,-0.012331
0.774994,-0.011442
0.779994,-0.010657
0.784993,-0.012560
0.789993,-0.014317
0.794993,-0.013470
0.799993,-0.013061
0.804993,-0.010775
0.809993,-0.009268
0.814993,-0.011082
0.819993,-0.013302
0.824993,-0.009518
0.829993,-0.011268
0.834993,-0.014205
0.839993,-0.013465
0.844993,-0.013877
0.849993,-0.017573
0.854993,-0.017153
0.859993,-0.016924
0.864992,-0.018473
0.869992,-0.018725
0.874992,-0.018059
0.879992,-0.019282
0.884992,-0.020456
0.889992,-0.019745
0.894992,-0.021277
0.899992,-0.022237
0.904992,-0.020078
0.909992,-0.022051
0.914992,-0.022979
0.919992,-0.023295
0.924992,-0.024192
0.929992,-0.026461
0.934992,-0.026174
0.939991,-0.027339
0.944991,-0.028467
0.949991,-0.027691
0.954991,-0.024813
0.959991,-0.024053
0.964991,-0.024608
0.969991,-0.024659
0.974991,-0.026194
0.979991,-0.025071
0.984991,-0.022934
0.989991,-0.023162
0.994991,-0.022724
0.999991,-0.021791
1.004991,-0.021163
1.009991,-0.022964
1.014991,-0.021745
1.019992,-0.024981
1.024992,-0.024943
1.029992,-0.025435
1.034992,-0.025115
1.039993,-0.024166
1.044993,-0.025523
1.049993,-0.024713
1.054993,-0.022655
1.059994,-0.023066
1.064994,-0.021424
1.069994,-0.020841
1.074994,-0.019301
1.079994,-0.017794
1.084995,-0.015038
1.089995,-0.016210
1.094995,-0.019432
1.099995,-0.016777
1.104996,-0.015332
1.109996,-0.015615
1.114996,-0.016444
1.119996,-0.016343
1.124997,-0.014665
1.129997,-0.013765
1.134997,-0.013445
1.139997,-0.014260
1.144997,-0.009777
1.149998,-0.008717
1.154998,-0.006440
1.159998,-0.004337
1.164998,-0.004489
1.169999,-0.005412
1.174999,-0.004816
1.179999,-0.004143
1.184999,-0.004449
1.190000,-0.003625
1.195000,-0.003789
1.200000,-0.002750
1.205000,-0.004237
1.210001,-0.004130
1.215001,-0.006251
1.220001,-0.005317
1.225001,-0.004269
1.230001,-0.004643
1.235002,-0.005097
1.240002,-0.004646
1.245002,-0.005979
1.250002,-0.008255
1.255003,-0.007693
1.260003,-0.008284
1.265003,-0.006888
1.270003,-0.003376
1.275004,-0.003309
1.280004,-0.004697
1.285004,-0.007626
1.290004,-0.006938
1.295004,-0.005830
1.300005,-0.006602
1.305005,-0.007919
1.310005,-0.005175
1.315005,-0.007039
1.320006,-0.005736
1.325006,-0.008087
1.330006,-0.008120
1.335006,-0.007188
1.340007,-0.007641
1.345007,-0.009607
1.350007,-0.006565
1.355007,-0.004333
1.360008,-0.004417
1.365008,-0.005344
1.370008,-0.003850
1.375008,-0.001726
1.380008,-0.002025
1.385009,0.000666
1.390009,0.001042
1.395009,0.000886
1.400009,-0.000401
1.405010,-0.002298
1.410010,-0.003479
1.415010,-0.004628
1.420010,-0.004702
1.425011,-0.002114
1.430011,-0.001567
1.435011,-0.002014
1.440011,-0.001301
1.445011,-0.000281
1.450012,-0.001183
1.455012,0.001897
1.460012,0.001037
1.465012,0.001130
1.470013,0.001206
1.475013,-0.001973
1.480013,-0.002396
1.485013,-0.003424
1.490014,-0.001332
1.495014,-0.000403
1.500014,-0.001655
1.505014,0.000009
1.510015,0.001200
1.515015,0.002985
1.520015,0.004946
1.525015,0.005354
1.530015,0.003785
1.535016,0.007250
1.540016,0.006432
1.545016,0.007543
1.550016,0.006137
1.555017,0.006187
1.560017,0.005345
1.565017,0.006910
1.570017,0.010034
1.575018,0.011812
1.580018,0.014466
1.585018,0.015011
1.590018,0.017164
1.595019,0.018182
1.600019,0.018170
1.605019,0.016700
1.610019,0.016218
1.615019,0.017313
1.620020,0.016840
1.625020,0.016417
1.630020,0.014626
1.635020,0.013346
1.640021,0.014533
1.645021,0.014023
1.650021,0.012261
1.655021,0.010603
1.660022,0.008582
1.665022,0.008395
1.670022,0.009570
1.675022,0.005731
1.680022,0.007566
1.685023,0.008068
1.690023,0.008552
1.695023,0.009902
1.700023,0.008314
1.705024,0.012707
1.710024,0.013568
1.715024,0.015905
1.720024,0.014594
1.725025,0.013606
1.730025,0.014057
1.735025,0.012174
1.740025,0.012518
1.745026,0.015262
1.750026,0.015736
1.755026,0.017136
1.760026,0.016610
1.765026,0.014550
1.770027,0.014846
1.775027,0.013199
1.780027,0.011729
1.785027,0.010391
1.790028,0.009191
1.795028,0.009834
1.800028,0.008499
1.805028,0.010834
1.810029,0.009899
1.815029,0.008617
1.820029,0.009178
1.825029,0.006794
1.830029,0.005615
1.835030,0.008236
1.840030,0.010567
1.845030,0.009643
1.850030,0.009606
1.855031,0.010563
1.860031,0.011225
1.865031,0.010363
1.870031,0.011683
1.875032,0.010549
1.880032,0.011701
1.885032,0.013445
1.890032,0.011211
1.895033,0.012488
1.900033,0.013414
1.905033,0.013439
1.910033,0.014016
1.915033,0.014784
1.920034,0.014518
1.925034,0.013952
1.930034,0.012862
1.935034,0.009215
1.940035,0.006480
1.945035,0.008225
1.950035,0.008093
1.955035,0.009849
1.960036,0.011390
1.965036,0.014718
1.970036,0.013652
1.975036,0.009885
1.980036,0.010881
1.985037,0.008543
1.990037,0.011639
1.995037,0.009789
2.000037,0.010596
2.005037,0.011033
2.010037,0.010154
2.015036,0.010471
2.020036,0.008551
2.025036,0.009726
2.030035,0.007980
2.035035,0.009769
2.040035,0.011031
2.045034,0.013199
2.050034,0.010402
2.055033,0.010847
2.060033,0.009726
2.065033,0.010721
2.070032,0.009329
2.075032,0.006768
2.080032,0.004693
2.085031,0.007691
2.090031,0.007087
2.095031,0.005628
2.100030,0.004015
2.105030,0.004004
2.110029,0.004856
2.115029,0.002061
2.120029,0.003404
2.125028,0.000671
2.130028,0.001804
2.135028,-0.000430
2.140027,-0.002772
2.145027,-0.003751
2.150027,-0.003948
2.155026,-0.006052
2.160026,-0.008060
2.165025,-0.006889
2.170025,-0.007453
2.175025,-0.011056
2.180024,-0.008789
2.185024,-0.008727
2.190024,-0.009143
2.195023,-0.009752
2.200023,-0.010711
2.205023,-0.008341
2.210022,-0.008722
2.215022,-0.009093
2.220021,-0.007757
2.225021,-0.006971
2.230021,-0.008390
2.235020,-0.008390
2.240020,-0.009154
2.245020,-0.009608
2.250019,-0.011812
2.255019,-0.010813
2.260019,-0.008436
2.265018,-0.008656
2.270018,-0.008744
2.275017,-0.010038
2.280017,-0.010806
2.285017,-0.008224
2.290016,-0.010198
2.295016,-0.005819
2.300016,-0.007004
2.305015,-0.006164
2.310015,-0.004896
2.315015,-0.003674
2.320014,-0.001868
2.325014,-0.000686
2.330014,-0.001601
2.335013,-0.001151
2.340013,0.001290
2.345012,0.002296
2.350012,-0.000520
2.355012,-0.003250
2.360011,-0.002557
2.365011,-0.002248
2.370011,-0.003510
2.375010,-0.003204
2.380010,-0.003028
2.385010,-0.003239
2.390009,-0.004852
2.395009,-0.004331
2.400008,-0.007379
2.405008,-0.007987
2.410008,-0.008126
2.415007,-0.005497
2.420007,-0.002284
2.425007,-0.005758
2.430006,-0.007085
2.435006,-0.006786
2.440006,-0.007361
2.445005,-0.007073
2.450005,-0.004748
2.455004,-0.002746
2.460004,-0.002736
2.465004,-0.002141
2.470003,-0.000800
2.475003,0.000068
2.480003,0.000201
2.485002,0.000491
2.490002,-0.000110
2.495002,0.002778
2.500001,0.004979
2.505001,0.004253
2.510000,0.001943
2.515000,0.002190
2.520000,0.003414
2.524999,0.001620
2.529999,0.003070
2.534999,0.001954
2.539998,0.001358
2.544998,0.001886
2.549998,0.001534
2.554997,0.000944
2.559997,0.001585
2.564996,0.002279
2.569996,0.001516
2.574996,0.000879
2.579995,-0.001512
2.584995,-0.001976
2.589995,0.000197
2.594994,0.000827
2.599994,0.001372
2.604994,0.002834
2.609993,0.001627
2.614993,0.004548
2.619992,0.005950
2.624992,0.010098
2.629992,0.009014
2.634991,0.008413
2.639991,0.009934
2.644991,0.008198
2.649990,0.008389
2.654990,0.008975
2.659990,0.009209
2.664989,0.008929
2.669989,0.007028
2.674989,0.008641
2.679988,0.011850
2.684988,0.011269
2.689987,0.014548
2.694987,0.010466
2.699987,0.009488
2.704986,0.013459
2.709986,0.013499
2.714986,0.015868
2.719985,0.017167
2.724985,0.017381
2.729985,0.016512
2.734984,0.018001
2.739984,0.018254
2.744983,0.017168
2.749983,0.015919
2.754983,0.014843
2.759982,0.012659
2.764982,0.011201
2.769982,0.012856
2.774981,0.012579
2.779981,0.010984
2.784981,0.010467
2.789980,0.009915
2.794980,0.007920
2.799979,0.008712
2.804979,0.009673
2.809979,0.009502
2.814978,0.006691
2.819978,0.004102
2.824978,0.004687
2.829977,0.005968
2.834977,0.005711
2.839977,0.003115
2.844976,0.004477
2.849976,0.004288
2.854975,0.002771
2.859975,0.002656
2.864975,0.003205
2.869974,0.003797
2.874974,0.002365
2.879974,0.001429
2.884973,-0.001958
2.889973,-0.003231
2.894973,-0.004675
2.899972,-0.003499
2.904972,-0.005942
2.909971,-0.005631
2.914971,-0.003697
2.919971,-0.004958
2.924970,-0.001643
2.929970,-0.001244
2.934970,-0.001881
2.939969,-0.001468
2.944969,-0.000563
2.949969,-0.000939
2.954968,-0.000554
2.959968,-0.000001
2.964967,0.001338
2.969967,0.002216
2.974967,-0.000064
2.979966,-0.002541
2.984966,-0.003074
2.989966,-0.004677
2.994965,-0.003962
2.999965,-0.003670
3.004965,-0.000877
3.009964,-0.001212
3.014964,-0.000060
3.019964,-0.002739
3.024963,-0.005637
3.029963,-0.004154
3.034962,-0.002845
3.039962,-0.003118
3.044962,-0.003908
3.049961,-0.005640
3.054961,-0.005864
3.059961,-0.004878
3.064960,-0.005323
3.069960,-0.002330
3.074960,-0.003205
3.079959,-0.006193
3.084959,-0.004629
3.089958,-0.001843
3.094958,-0.003665
3.099958,-0.002573
3.104957,-0.002228
3.109957,-0.000399
3.114957,0.000950
3.119956,0.001310
3.124956,0.000234
3.129956,0.002174
3.134955,0.000606
3.139955,0.000765
3.144954,0.000922
3.149954,0.002173
3.154954,0.007952
3.159953,0.005935
3.164953,0.004350
3.169953,0.002887
3.174952,0.000913
3.179952,0.000932
3.184952,-0.000555
3.189951,0.000650
3.194951,0.002706
3.199950,0.004072
3.204950,0.000844
3.209950,0.002209
3.214949,-0.001459
3.219949,0.001047
3.224949,0.005351
3.229948,0.005822
3.234948,0.007250
3.239948,0.005304
3.244947,0.004916
3.249947,0.006232
3.254946,0.007589
3.259946,0.008365
3.264946,0.008451
3.269945,0.005710
3.274945,0.009102
3.279945,0.009243
3.284944,0.008248
3.289944,0.008612
3.294944,0.007040
3.299943,0.006709
3.304943,0.003699
3.309942,0.006969
3.314942,0.008032
3.319942,0.006557
3.324941,0.008006
3.329941,0.007209
3.334941,0.004180
3.339940,0.004130
3.344940,0.004401
3.349940,0.005942
3.354939,0.001209
3.359939,0.002525
3.364938,0.002866
3.369938,0.002712
3.374938,0.001208
3.379937,0.000861
3.384937,0.000296
3.389937,0.001621
3.394936,0.002375
3.399936,0.001451
3.404936,0.004480
3.409935,0.006761
3.414935,0.004602
3.419935,0.004671
3.424934,0.002995
3.429934,0.001724
3.434933,-0.002255
3.439933,-0.000054
3.444933,0.001165
3.449932,0.000901
3.454932,0.001271
3.459932,-0.000240
3.464931,0.000390
3.469931,-0.000779
3.474931,-0.001900
3.479930,-0.000712
3.484930,-0.000225
3.489929,-0.001361
3.494929,-0.001533
3.499929,-0.000017
3.504928,0.000775
3.509928,0.000528
3.514928,0.001711
3.519927,0.000855
3.524927,0.002360
3.529927,0.001266
3.534926,0.000249
3.539926,-0.001664
3.544925,0.000149
3.549925,-0.000803
3.554925,0.000080
3.559924,0.001530
3.564924,0.004850
3.569924,0.002803
3.574923,0.003307
3.579923,0.003337
3.584923,0.005231
3.589922,0.004219
3.594922,0.006282
3.599921,0.008516
3.604921,0.009625
3.609921,0.009340
3.614920,0.006978
3.619920,0.006432
3.624920,0.008329
3.629919,0.007005
3.634919,0.007044
3.639919,0.007468
3.644918,0.008913
3.649918,0.009697
3.654917,0.010474
3.659917,0.007770
3.664917,0.008597
3.669916,0.012261
3.674916,0.015224
3.679916,0.018333
3.684915,0.019304
3.689915,0.019254
3.694915,0.018717
3.699914,0.021049
3.704914,0.021974
3.709913,0.023559
3.714913,0.023627
3.719913,0.024220
3.724912,0.024740
3.729912,0.020784
3.734912,0.022896
3.739911,0.023548
3.744911,0.021688
3.749911,0.021780
3.754910,0.021372
3.759910,0.021033
3.764910,0.021565
3.769909,0.021185
3.774909,0.017727
3.779908,0.018771
3.784908,0.017349
3.789908,0.015985
3.794907,0.015528
3.799907,0.017022
3.804907,0.018546
3.809906,0.019368
3.814906,0.021087
3.819906,0.021612
3.824905,0.026978
3.829905,0.027839
3.834904,0.031960
3.839904,0.030657
3.844904,0.031356
3.849903,0.031112
3.854903,0.028921
3.859903,0.028635
3.864902,0.028870
3.869902,0.030031
3.874902,0.030789
3.879901,0.033396
3.884901,0.032880
3.889900,0.034592
3.894900,0.031407
3.899900,0.030652
3.904899,0.031103
3.909899,0.030194
3.914899,0.029667
3.919898,0.029063
3.924898,0.030591
3.929898,0.029348
3.934897,0.027931
3.939897,0.028686
3.944896,0.030335
3.949896,0.029245
3.954896,0.030902
3.959895,0.032817
3.964895,0.032126
3.969895,0.033074
3.974894,0.032741
3.979894,0.032783
3.984894,0.037145
3.989893,0.035484
3.994893,0.033533
3.999892,0.035715
4.004892,0.034432
4.009892,0.034108
4.014892,0.034920
4.019891,0.039405
4.024891,0.039528
4.029891,0.038438
4.034890,0.039095
4.039890,0.036971
4.044889,0.035406
4.049889,0.034194
4.054889,0.033882
4.059888,0.032985
4.064888,0.029055
4.069888,0.027065
4.074887,0.027798
4.079887,0.028306
4.084887,0.025065
4.089886,0.023344
4.094886,0.020252
4.099885,0.020156
4.104885,0.016936
4.109885,0.017380
4.114884,0.014766
4.119884,0.011164
4.124884,0.012970
4.129883,0.012526
4.134883,0.011081
4.139883,0.011885
4.144882,0.009175
4.149882,0.009232
4.154881,0.006987
4.159881,0.007393
4.164881,0.006213
4.169880,0.004803
4.174880,0.002676
4.179880,-0.000865
4.184879,-0.002568
4.189879,-0.002834
4.194879,-0.006320
4.199878,-0.008456
4.204878,-0.010466
4.209877,-0.011774
4.214877,-0.013736
4.219877,-0.012826
4.224876,-0.014640
4.229876,-0.012226
4.234876,-0.013760
4.239875,-0.010652
4.244875,-0.011818
4.249875,-0.012381
4.254874,-0.014094
4.259874,-0.012715
4.264874,-0.014578
4.269873,-0.016991
4.274873,-0.017821
4.279872,-0.018347
4.284872,-0.020196
4.289872,-0.017578
4.294871,-0.015008
4.299871,-0.012420
4.304871,-0.012110
4.309870,-0.013423
4.314870,-0.008801
4.319870,-0.008846
4.324869,-0.012262
4.329869,-0.011088
4.334868,-0.007777
4.339868,-0.008594
4.344868,-0.009659
4.349867,-0.008597
4.354867,-0.011570
4.359867,-0.009490
4.364866,-0.008557
4.369866,-0.007899
4.374866,-0.006813
4.379865,-0.005334
4.384865,-0.006812
4.389864,-0.004396
4.394864,-0.004992
4.399864,-0.003727
4.404863,-0.003039
4.409863,-0.001998
4.414863,-0.000566
4.419862,0.001622
4.424862,0.000205
4.429862,0.003336
4.434861,0.004738
4.439861,0.007127
4.444860,0.008750
4.449860,0.009003
4.454860,0.006287
4.459859,0.006230
4.464859,0.005966
4.469859,0.005733
4.474858,0.004638
4.479858,0.005754
4.484858,0.006410
4.489857,0.006565
4.494857,0.006863
4.499856,0.007413
4.504856,0.010308
4.509856,0.012946
4.514855,0.013825
4.519855,0.013306
4.524855,0.014416
4.529854,0.013006
4.534854,0.013646
4.539854,0.013885
4.544853,0.015591
4.549853,0.016196
4.554852,0.018935
4.559852,0.020346
4.564852,0.019110
4.569851,0.022713
4.574851,0.024298
4.579851,0.027586
4.584850,0.028514
4.589850,0.028042
4.594850,0.031216
4.599849,0.030287
4.604849,0.032384
4.609848,0.028816
4.614848,0.029794
4.619848,0.031241
4.624847,0.032299
4.629847,0.034801
4.634847,0.034761
4.639846,0.034438
4.644846,0.035176
4.649846,0.035675
4.654845,0.034226
4.659845,0.033749
4.664845,0.033339
4.669844,0.033772
4.674844,0.031737
4.679843,0.034316
4.684843,0.034296
4.689843,0.032459
4.694842,0.034194
4.699842,0.036874
4.704842,0.037287
4.709841,0.038165
4.714841,0.037069
4.719841,0.036703
4.724840,0.039127
4.729840,0.038395
4.734839,0.039184
4.739839,0.039395
4.744839,0.037315
4.749838,0.038237
4.754838,0.038612
4.759838,0.040528
4.764837,0.041610
4.769837,0.044107
4.774837,0.043217
4.779836,0.043137
4.784836,0.045585
4.789835,0.045808
4.794835,0.046950
4.799835,0.044949
4.804834,0.045510
4.809834,0.047100
4.814834,0.049096
4.819833,0.049277
4.824833,0.050472
4.829833,0.048297
4.834832,0.044303
4.839832,0.046669
4.844831,0.049526
4.849831,0.048893
4.854831,0.049150
4.859830,0.048648
4.864830,0.045659
4.869830,0.043835
4.874829,0.045194
4.879829,0.045343
4.884829,0.046378
4.889828,0.043916
4.894828,0.047966
4.899827,0.049513
4.904827,0.049131
4.909827,0.047391
4.914826,0.048321
4.919826,0.048138
4.924826,0.050693
4.929825,0.048366
4.934825,0.049590
4.939825,0.049920
4.944824,0.048112
4.949824,0.049449
4.954823,0.049410
4.959823,0.051334
4.964823,0.054123
4.969822,0.052810
4.974822,0.052881
4.979822,0.052578
4.984821,0.054615
4.989821,0.053262
4.994821,0.054491
4.999820,0.053965
5.004820,0.054415
5.009820,0.053957
5.014819,0.054527
5.019819,0.053954
5.024818,0.055353
5.029818,0.056523
5.034818,0.056901
5.039817,0.057975
5.044817,0.058188
5.049817,0.060559
5.054816,0.063616
5.059816,0.063280
5.064816,0.063807
5.069815,0.067895
5.074815,0.071430
5.079814,0.073525
5.084814,0.075979
5.089814,0.078202
5.094813,0.078906
5.099813,0.083399
5.104813,0.089998
5.109812,0.094214
5.114812,0.094980
5.119812,0.097732
5.124811,0.100920
5.129811,0.103080
5.134810,0.104293
5.139810,0.107320
5.144810,0.113468
5.149809,0.115550
5.154809,0.116361
5.159809,0.118369
5.164808,0.122095
5.169808,0.123982
5.174808,0.128505
5.179807,0.133179
5.184807,0.132925
5.189806,0.136439
5.194806,0.139055
5.199806,0.140172
5.204805,0.145336
5.209805,0.148608
5.214805,0.148550
5.219804,0.149303
5.224804,0.150498
5.229804,0.150921
5.234803,0.154635
5.239803,0.155590
5.244802,0.155807
5.249802,0.156293
5.254802,0.155322
5.259801,0.156009
5.264801,0.154362
5.269801,0.153168
5.274800,0.152612
5.279800,0.153925
5.284800,0.152274
5.289799,0.151420
5.294799,0.152069
5.299798,0.150895
5.304798,0.148423
5.309798,0.148201
5.314797,0.145903
5.319797,0.143085
5.324797,0.140080
5.329796,0.140433
5.334796,0.136552
5.339796,0.132664
5.344795,0.133285
5.349795,0.131570
5.354795,0.128177
5.359794,0.126672
5.364794,0.126857
5.369793,0.123600
5.374793,0.121125
5.379793,0.120113
5.384792,0.120190
5.389792,0.118749
5.394792,0.117018
5.399791,0.117104
5.404791,0.115081
5.409791,0.115359
5.414790,0.115469
5.419790,0.114428
5.424789,0.111153
5.429789,0.106685
5.434789,0.106003
5.439788,0.104008
5.444788,0.103585
5.449788,0.102805
5.454787,0.099643
5.459787,0.100356
5.464787,0.098913
5.469786,0.096649
5.474786,0.095717
5.479785,0.095125
5.484785,0.093595
5.489785,0.090764
5.494784,0.088636
5.499784,0.086563
5.504784,0.085248
5.509783,0.081569
5.514783,0.078189
5.519783,0.077863
5.524782,0.076035
5.529782,0.075202
5.534781,0.071127
5.539781,0.072283
5.544781,0.070437
5.549780,0.070093
5.554780,0.066909
5.559780,0.064055
5.564779,0.062922
5.569779,0.063349
5.574779,0.062074
5.579778,0.065580
5.584778,0.063842
5.589777,0.060174
5.594777,0.061677
5.599777,0.059934
5.604776,0.062356
5.609776,0.061211
5.614776,0.059329
5.619775,0.057381
5.624775,0.055554
5.629775,0.052988
5.634774,0.054101
5.639774,0.054123
5.644773,0.051345
5.649773,0.051005
5.654773,0.049377
5.659772,0.048887
5.664772,0.049321
5.669772,0.051270
5.674771,0.048663
5.679771,0.046699
5.684771,0.045406
5.689770,0.043792
5.694770,0.042765
5.699769,0.043556
5.704769,0.043138
5.709769,0.042720
5.714768,0.045042
5.719768,0.042566
5.724768,0.041739
5.729767,0.039447
5.734767,0.039780
5.739767,0.038592
5.744766,0.037010
5.749766,0.035697
5.754766,0.033980
5.759765,0.032304
5.764765,0.032236
5.769764,0.031357
5.774764,0.029248
5.779764,0.028360
5.784763,0.028397
5.789763,0.026698
5.794763,0.028649
5.799762,0.026206
5.804762,0.025827
5.809762,0.026809
5.814761,0.026048
5.819761,0.025755
5.824760,0.023663
5.829760,0.024266
5.834760,0.023926
5.839759,0.023392
5.844759,0.027079
5.849759,0.025571
5.854758,0.024449
5.859758,0.024143
5.864758,0.022978
5.869757,0.022701
5.874757,0.026440
5.879756,0.027665
5.884756,0.027991
5.889756,0.028160
5.894755,0.028255
5.899755,0.028086
5.904755,0.029669
5.909754,0.029117
5.914754,0.030237
5.919754,0.030834
5.924753,0.031998
5.929753,0.029475
5.934752,0.028009
5.939752,0.028231
5.944752,0.028571
5.949751,0.029703
5.954751,0.032015
5.959751,0.032030
5.964750,0.034254
5.969750,0.033220
5.974750,0.031791
5.979749,0.032174
5.984749,0.035649
5.989748,0.036928
5.994748,0.036855
5.999748,0.038174
6.004747,0.040716
6.009747,0.039116
6.014747,0.041300
6.019746,0.039607
6.024746,0.041841
6.029746,0.041866
6.034745,0.041057
6.039745,0.037655
6.044744,0.037917
6.049744,0.036918
6.054744,0.034746
6.059743,0.033723
6.064743,0.029822
6.069743,0.029010
6.074742,0.027531
6.079742,0.026373
6.084742,0.022396
6.089741,0.020323
6.094741,0.013077
6.099741,0.011970
6.104740,0.007787
6.109740,0.005758
6.114739,0.000331
6.119739,0.001776
6.124739,-0.002574
6.129738,-0.004208
6.134738,-0.004323
6.139738,-0.005535
6.144737,-0.007468
6.149737,-0.011641
6.154737,-0.014080
6.159736,-0.014012
6.164736,-0.014195
6.169735,-0.016966
6.174735,-0.020511
6.179735,-0.020040
6.184734,-0.019802
6.189734,-0.021653
6.194734,-0.023111
6.199733,-0.020194
6.204733,-0.022364
6.209733,-0.023337
6.214732,-0.021922
6.219732,-0.019515
6.224731,-0.021504
6.229731,-0.023756
6.234731,-0.022385
6.239730,-0.021210
6.244730,-0.024150
6.249730,-0.026784
6.254729,-0.024535
6.259729,-0.022796
6.264729,-0.026508
6.269728,-0.025207
6.274728,-0.024515
6.279727,-0.023894
6.284727,-0.024916
6.289727,-0.027064
6.294726,-0.022652
6.299726,-0.020568
6.304726,-0.018159
6.309725,-0.018842
6.314725,-0.015197
6.319725,-0.011291
6.324724,-0.009773
6.329724,-0.004726
6.334723,-0.002735
6.339723,-0.001499
6.344723,-0.005413
6.349722,-0.002529
6.354722,-0.004222
6.359722,-0.002366
6.364721,-0.000037
6.369721,0.001542
6.374721,0.005056
6.379720,0.004471
6.384720,0.005674
6.389719,0.005893
6.394719,0.003757
6.399719,0.004199
6.404718,0.005194
6.409718,0.007687
6.414718,0.005651
6.419717,0.006935
6.424717,0.001439
6.429717,0.003642
6.434716,0.000896
6.439716,0.002229
6.444715,0.004035
6.449715,0.005840
6.454715,0.003058
6.459714,0.004728
6.464714,0.004308
6.469714,0.005665
6.474713,0.002568
6.479713,0.003493
6.484713,0.004557
6.489712,0.003119
6.494712,0.008209
6.499712,0.011335
6.504711,0.009492
6.509711,0.006324
6.514710,0.004660
6.519710,0.007318
6.524710,0.007903
6.529709,0.008340
6.534709,0.007438
6.539709,0.009194
6.544708,0.008624
6.549708,0.007667
6.554708,0.007433
6.559707,0.009334
6.564707,0.012394
6.569706,0.016561
6.574706,0.017333
6.579706,0.016478
6.584705,0.017235
6.589705,0.017939
6.594705,0.020133
6.599704,0.019737
6.604704,0.016862
6.609704,0.017051
6.614703,0.021510
6.619703,0.025789
6.624702,0.031959
6.629702,0.031958
6.634702,0.031267
6.639701,0.033447
6.644701,0.035298
6.649701,0.036002
6.654700,0.038862
6.659700,0.041253
6.664700,0.045237
6.669699,0.045416
6.674699,0.047007
6.679698,0.046973
6.684698,0.049361
6.689698,0.049093
6.694697,0.048358
6.699697,0.048513
6.704697,0.048970
6.709696,0.050683
6.714696,0.050412
6.719696,0.049354
6.724695,0.050271
6.729695,0.051614
6.734694,0.054433
6.739694,0.051797
6.744694,0.052422
6.749693,0.049821
6.754693,0.051784
6.759693,0.052775
6.764692,0.052742
6.769692,0.052463
6.774692,0.055008
6.779691,0.055512
6.784691,0.053682
6.789690,0.056053
6.794690,0.054333
6.799690,0.054227
6.804689,0.052039
6.809689,0.054090
6.814689,0.055294
6.819688,0.055591
6.824688,0.056329
6.829688,0.055309
6.834687,0.056680
6.839687,0.053272
6.844687,0.051914
6.849686,0.054039
6.854686,0.051723
6.859685,0.051486
6.864685,0.052648
6.869685,0.053774
6.874684,0.053478
6.879684,0.055616
6.884684,0.057823
6.889683,0.058321
6.894683,0.060107
6.899683,0.059450
6.904682,0.059372
6.909682,0.057220
6.914681,0.055191
6.919681,0.058415
6.924681,0.059483
6.929680,0.061106
6.934680,0.061391
6.939680,0.060796
6.944679,0.061886
6.949679,0.062053
6.954679,0.060171
6.959678,0.062567
6.964678,0.058121
6.969677,0.057013
6.974677,0.055628
6.979677,0.057976
6.984676,0.058923
6.989676,0.057824
6.994676,0.060934
6.999675,0.062622
7.004675,0.063910
7.009675,0.062451
7.014674,0.062531
7.019674,0.062866
7.024673,0.060334
7.029673,0.061862
7.034673,0.061598
7.039672,0.065294
7.044672,0.063111
7.049672,0.060677
7.054671,0.059510
7.059671,0.060374
7.064671,0.059939
7.069670,0.059469
7.074670,0.059777
7.079669,0.058846
7.084669,0.057767
7.089669,0.056895
7.094668,0.054984
7.099668,0.053545
7.104668,0.054596
7.109667,0.053339
7.114667,0.053621
7.119667,0.052161
7.124666,0.052302
7.129666,0.055572
7.134665,0.053053
7.139665,0.051741
7.144665,0.054125
7.149664,0.053170
7.154664,0.056999
7.159664,0.059065
7.164663,0.062767
7.169663,0.064775
7.174663,0.064012
7.179662,0.065096
7.184662,0.064515
7.189662,0.065202
7.194661,0.067434
7.199661,0.067927
7.204660,0.064610
7.209660,0.066272
7.214660,0.066886
7.219659,0.068464
7.224659,0.069242
7.229659,0.067015
7.234658,0.072158
7.239658,0.072806
7.244658,0.076031
7.249657,0.078748
7.254657,0.078304
7.259656,0.078726
7.264656,0.077093
7.269656,0.076751
7.274655,0.074630
7.279655,0.074747
7.284655,0.072889
7.289654,0.071186
7.294654,0.070088
7.299654,0.069556
7.304653,0.071670
7.309653,0.071357
7.314652,0.069027
7.319652,0.066342
7.324652,0.062109
7.329651,0.057930
7.334651,0.055181
7.339651,0.054737
7.344650,0.051513
7.349650,0.052379
7.354650,0.052027
7.359649,0.050352
7.364649,0.049938
7.369648,0.052536
7.374648,0.052028
7.379648,0.051964
7.384647,0.050682
7.389647,0.051639
7.394647,0.051857
7.399646,0.051771
7.404646,0.053179
7.409646,0.052813
7.414645,0.051816
7.419645,0.052380
7.424644,0.049559
7.429644,0.048991
7.434644,0.045470
7.439643,0.044498
7.444643,0.041660
7.449643,0.041741
7.454642,0.040382
7.459642,0.042397
7.464642,0.044178
7.469641,0.045722
7.474641,0.048605
7.479640,0.046950
7.484640,0.044930
7.489640,0.043735
7.494639,0.042909
7.499639,0.042841
7.504639,0.041454
7.509638,0.039977
7.514638,0.039692
7.519638,0.038507
7.524637,0.038836
7.529637,0.041888
7.534636,0.043152
7.539636,0.042902
7.544636,0.041625
7.549635,0.038273
7.554635,0.035999
7.559635,0.035283
7.564634,0.037143
7.569634,0.037578
7.574634,0.039669
7.579633,0.039085
7.584633,0.038890
7.589633,0.041361
7.594632,0.039929
7.599632,0.038417
7.604631,0.039174
7.609631,0.037725
7.614631,0.033399
7.619630,0.031798
7.624630,0.031105
7.629630,0.027957
7.634629,0.027300
7.639629,0.025729
7.644629,0.027096
7.649628,0.027374
7.654628,0.026209
7.659627,0.027644
7.664627,0.029301
7.669627,0.027850
7.674626,0.026832
7.679626,0.026142
7.684626,0.025633
7.689625,0.025784
7.694625,0.022778
7.699625,0.021858
7.704624,0.020945
7.709624,0.022103
7.714623,0.021046
7.719623,0.021707
7.724623,0.022667
7.729622,0.022645
7.734622,0.025156
7.739622,0.026948
7.744621,0.025592
7.749621,0.026973
7.754621,0.027513
7.759620,0.028726
7.764620,0.028460
7.769619,0.027375
7.774619,0.027618
7.779619,0.028344
7.784618,0.030044
7.789618,0.030849
7.794618,0.031124
7.799617,0.030085
7.804617,0.030727
7.809617,0.031956
7.814616,0.032775
7.819616,0.032338
7.824615,0.031621
7.829615,0.030810
7.834615,0.029995
7.839614,0.030257
7.844614,0.029919
7.849614,0.031770
7.854613,0.031296
7.859613,0.030689
7.864613,0.033106
7.869612,0.035909
7.874612,0.033937
7.879611,0.035429
7.884611,0.032024
7.889611,0.032075
7.894610,0.034493
7.899610,0.033893
7.904610,0.032802
7.909609,0.037018
7.914609,0.036991
7.919609,0.035843
7.924608,0.034462
7.929608,0.034839
7.934608,0.037294
7.939607,0.036680
7.944607,0.035076
7.949606,0.034512
7.954606,0.035705
7.959606,0.035465
7.964605,0.036092
7.969605,0.035402
7.974605,0.033518
7.979604,0.034097
7.984604,0.032075
7.989604,0.031340
7.994603,0.032681
7.999603,0.034329
8.004604,0.037036
8.009606,0.039375
8.014608,0.039241
8.019610,0.037163
8.024612,0.036921
8.029614,0.037911
8.034616,0.040860
8.039618,0.044020
8.044621,0.047166
8.049623,0.047586
8.054625,0.049550
8.059627,0.053174
8.064629,0.056325
8.069631,0.058979
8.074633,0.066322
8.079635,0.073235
8.084637,0.080931
8.089639,0.085190
8.094641,0.089852
8.099643,0.095908
8.104645,0.099726
8.109647,0.105217
8.114649,0.114174
8.119651,0.116332
8.124653,0.123564
8.129655,0.126148
8.134657,0.125602
8.139659,0.129063
8.144661,0.139022
8.149663,0.139778
8.154665,0.143428
8.159667,0.146443
8.164669,0.153555
8.169671,0.156456
8.174673,0.159544
8.179675,0.163226
8.184677,0.164504
8.189679,0.166858
8.194681,0.171342
8.199683,0.168915
8.204685,0.172619
8.209687,0.176147
8.214689,0.178319
8.219691,0.180720
8.224693,0.182310
8.229695,0.182007
8.234697,0.180084
8.239699,0.184543
8.244701,0.186062
8.249703,0.191771
8.254705,0.196005
8.259707,0.201078
8.264709,0.204514
8.269711,0.206521
8.274714,0.210844
8.279716,0.213026
8.284718,0.213808
8.289720,0.213782
8.294722,0.221962
8.299724,0.221154
8.304726,0.221581
8.309728,0.222893
8.314730,0.222109
8.319732,0.223582
8.324734,0.224224
8.329736,0.224693
8.334738,0.227061
8.339740,0.230473
8.344742,0.230643
8.349744,0.228686
8.354746,0.235192
8.359748,0.235553
8.364750,0.235216
8.369752,0.231618
8.374754,0.233146
8.379756,0.231228
8.384758,0.227207
8.389760,0.224808
8.394762,0.228963
8.399764,0.230581
8.404766,0.230632
8.409768,0.228167
8.414770,0.224961
8.419772,0.226109
8.424774,0.223890
8.429776,0.225063
8.434778,0.224058
8.439780,0.224672
8.444782,0.226972
8.449784,0.228844
8.454786,0.233100
8.459788,0.237281
8.464790,0.235051
8.469792,0.233514
8.474794,0.231980
8.479796,0.230328
8.484798,0.228835
8.489800,0.225283
8.494802,0.225836
8.499804,0.226085
8.504807,0.222869
8.509809,0.224560
8.514811,0.229617
8.519813,0.231153
8.524815,0.228406
8.529817,0.229456
8.534819,0.228188
8.539821,0.225462
8.544823,0.223172
8.549825,0.224549
8.554827,0.220825
8.559829,0.222535
8.564831,0.219935
8.569833,0.218726
8.574835,0.215398
8.579837,0.209883
8.584839,0.204383
8.589841,0.199156
8.594843,0.194268
8.599845,0.188587
8.604847,0.177019
8.609849,0.173295
8.614851,0.165169
8.619853,0.157540
8.624855,0.156018
8.629857,0.151049
8.634859,0.149546
8.639861,0.144154
8.644863,0.138918
8.649865,0.135963
8.654867,0.129306
8.659869,0.125677
8.664871,0.121871
8.669873,0.117555
8.674875,0.111606
8.679877,0.108434
8.684879,0.104290
8.689881,0.100033
8.694883,0.093376
8.699885,0.090433
8.704887,0.085232
8.709889,0.080639
8.714891,0.074453
8.719893,0.070379
8.724895,0.067392
8.729897,0.066931
8.734900,0.063582
8.739902,0.062590
8.744904,0.061948
8.749906,0.061579
8.754908,0.057850
8.759910,0.054433
8.764912,0.053862
8.769914,0.050514
8.774916,0.046499
8.779918,0.046556
8.784920,0.044957
8.789922,0.041388
8.794924,0.036870
8.799926,0.035376
8.804928,0.033914
8.809930,0.032284
8.814932,0.027854
8.819934,0.026438
8.824936,0.023587
8.829938,0.023141
8.834940,0.022809
8.839942,0.021615
8.844944,0.020688
8.849946,0.023457
8.854948,0.023214
8.859950,0.021697
8.864952,0.020341
8.869954,0.019939
8.874956,0.020070
8.879958,0.017960
8.884960,0.017553
8.889962,0.019505
8.894964,0.017858
8.899966,0.017728
8.904968,0.018221
8.909970,0.016290
8.914972,0.013759
8.919974,0.011262
8.924976,0.009634
8.929978,0.006287
8.934980,0.005190
8.939982,0.002112
8.944984,0.002344
8.949986,0.003072
8.954988,0.005117
8.959991,0.003153
8.964993,0.005464
8.969995,0.004984
8.974997,0.003173
8.979999,0.005826
8.985001,0.009266
8.990003,0.008418
8.995005,0.008437
9.000007,0.008660
9.005009,0.009802
9.010011,0.009844
9.015013,0.010840
9.020015,0.009891
9.025017,0.011709
9.030019,0.008466
9.035021,0.006252
9.040023,0.007099
9.045025,0.007358
9.050027,0.008608
9.055029,0.008567
9.060031,0.008035
9.065033,0.007154
9.070035,0.006183
9.075037,0.007068
9.080039,0.009324
9.085041,0.010433
9.090043,0.007147
9.095045,0.006501
9.100047,0.005647
9.105049,0.006139
9.110051,0.007255
9.115053,0.006272
9.120055,0.010228
9.125057,0.010041
9.130059,0.010142
9.135061,0.009679
9.140063,0.008916
9.145065,0.007308
9.150067,0.004977
9.155069,0.001631
9.160071,-0.002828
9.165073,-0.012052
9.170075,-0.016047
9.175077,-0.019683
9.180079,-0.024923
9.185081,-0.032748
9.190084,-0.035299
9.195086,-0.039216
9.200088,-0.044184
9.205090,-0.051819
9.210092,-0.055578
9.215094,-0.063098
9.220096,-0.065469
9.225098,-0.070539
9.230100,-0.073490
9.235102,-0.078412
9.240104,-0.083635
9.245106,-0.086098
9.250108,-0.088191
9.255110,-0.090622
9.260112,-0.092710
9.265114,-0.099837
9.270116,-0.100445
9.275118,-0.106269
9.280120,-0.111193
9.285122,-0.113829
9.290124,-0.116715
9.295126,-0.120629
9.300128,-0.121122
9.305130,-0.122989
9.310132,-0.123161
9.315134,-0.127642
9.320136,-0.125661
9.325138,-0.125248
9.330140,-0.128412
9.335142,-0.129791
9.340144,-0.131344
9.345146,-0.131323
9.350148,-0.130721
9.355150,-0.130655
9.360152,-0.128040
9.365154,-0.129697
9.370156,-0.129718
9.375158,-0.129017
9.380160,-0.128700
9.385162,-0.128273
9.390164,-0.131476
9.395166,-0.134813
9.400168,-0.137698
9.405170,-0.139111
9.410172,-0.141767
9.415174,-0.140273
9.420177,-0.138744
9.425179,-0.138867
9.430181,-0.141477
9.435183,-0.140087
9.440185,-0.136353
9.445187,-0.134226
9.450189,-0.133962
9.455191,-0.135898
9.460193,-0.134840
9.465195,-0.129384
9.470197,-0.127517
9.475199,-0.124328
9.480201,-0.125314
9.485203,-0.128184
9.490205,-0.125006
9.495207,-0.120339
9.500209,-0.117290
9.505211,-0.109922
9.510213,-0.110761
9.515215,-0.106129
9.520217,-0.102605
9.525219,-0.099256
9.530221,-0.097213
9.535223,-0.095551
9.540225,-0.091473
9.545227,-0.088590
9.550229,-0.085426
9.555231,-0.081032
9.560233,-0.079506
9.565235,-0.079976
9.570237,-0.077079
9.575239,-0.073875
9.580241,-0.073305
9.585243,-0.067838
9.590245,-0.065865
9.595247,-0.064898
9.600249,-0.065020
9.605251,-0.066814
9.610253,-0.065328
9.615255,-0.061458
9.620257,-0.059893
9.625259,-0.057253
9.630261,-0.053273
9.635263,-0.048077
9.640265,-0.050555
9.645267,-0.051932
9.650270,-0.051768
9.655272,-0.049134
9.660274,-0.046388
9.665276,-0.043127
9.670278,-0.041429
9.675280,-0.039181
9.680282,-0.039610
9.685284,-0.038658
9.690286,-0.037223
9.695288,-0.035636
9.700290,-0.033485
9.705292,-0.030589
9.710294,-0.028589
9.715296,-0.024797
9.720298,-0.022375
9.725300,-0.020623
9.730302,-0.020899
9.735304,-0.020846
9.740306,-0.020269
9.745308,-0.014975
9.750310,-0.014400
9.755312,-0.013376
9.760314,-0.012835
9.765316,-0.014726
9.770318,-0.014705
9.775320,-0.015476
9.780322,-0.016749
9.785324,-0.017016
9.790326,-0.017227
9.795328,-0.016032
9.800330,-0.015983
9.805332,-0.014777
9.810334,-0.014769
9.815336,-0.013396
9.820338,-0.010529
9.825340,-0.009152
9.830342,-0.006195
9.835344,-0.004151
9.840346,-0.003701
9.845348,-0.004580
9.850350,-0.004051
9.855352,-0.006288
9.860354,-0.003903
9.865356,-0.004481
9.870358,-0.002773
9.875360,-0.001935
9.880363,-0.002706
9.885365,-0.000066
9.890367,0.001435
9.895369,0.001831
9.900371,0.002483
9.905373,0.001416
9.910375,0.002781
9.915377,0.003870
9.920379,0.004276
9.925381,0.001748
9.930383,0.004026
9.935385,0.006531
9.940387,0.005660
9.945389,0.003518
9.950391,0.005520
9.955393,0.006121
9.960395,0.004077
9.965397,0.006584
9.970399,0.005823
9.975401,0.007201
9.980403,0.005712
9.985405,0.002976
9.990407,0.004491
9.995409,0.005907
10.000411,0.005331
10.005413,0.005875
10.010415,0.005475
10.015417,0.005770
10.020419,0.005212
10.025421,0.007418
10.030423,0.007402
10.035425,0.009836
10.040427,0.011905
10.045429,0.010383
10.050431,0.010631
10.055433,0.009590
10.060435,0.011442
10.065437,0.010010
10.070439,0.010868
10.075441,0.010565
10.080443,0.010843
10.085445,0.008084
10.090447,0.009282
10.095449,0.012610
10.100451,0.014812
10.105453,0.016858
10.110456,0.017068
10.115458,0.018259
10.120460,0.020171
10.125462,0.023985
10.130464,0.022889
10.135466,0.021902
10.140468,0.023672
10.145470,0.024890
10.150472,0.026464
10.155474,0.026894
10.160476,0.027656
10.165478,0.027153
10.170480,0.028062
10.175482,0.028943
10.180484,0.032289
10.185486,0.031931
10.190488,0.028803
10.195490,0.026686
10.200492,0.025735
10.205494,0.025409
10.210496,0.025960
10.215498,0.023211
10.220500,0.021803
10.225502,0.019998
10.230504,0.020040
10.235506,0.019137
10.240508,0.017657
10.245510,0.016680
10.250512,0.014049
10.255514,0.014037
10.260516,0.016595
10.265518,0.018178
10.270520,0.016606
10.275522,0.014876
10.280524,0.015735
10.285526,0.017567
10.290528,0.018443
10.295530,0.019744
10.300532,0.018663
10.305534,0.018426
10.310536,0.018086
10.315538,0.018480
10.320540,0.018190
10.325542,0.014895
10.330544,0.012786
10.335546,0.012218
10.340549,0.011929
10.345551,0.011447
10.350553,0.008619
10.355555,0.006911
10.360557,0.003107
10.365559,0.003153
10.370561,0.002615
10.375563,0.001664
10.380565,-0.001410
10.385567,-0.002304
10.390569,-0.000990
10.395571,-0.004285
10.400573,-0.004319
10.405575,-0.002896
10.410577,-0.003572
10.415579,-0.003179
10.420581,-0.003445
10.425583,-0.006466
10.430585,-0.005579
10.435587,-0.007740
10.440589,-0.009213
10.445591,-0.007805
10.450593,-0.008019
10.455595,-0.013325
10.460597,-0.013910
10.465599,-0.013390
10.470601,-0.015838
10.475603,-0.017057
10.480605,-0.017967
10.485607,-0.018980
10.490609,-0.017696
10.495611,-0.019718
10.500613,-0.021984
10.505615,-0.025761
10.510617,-0.026061
10.515619,-0.027510
10.520621,-0.028505
10.525623,-0.024178
10.530625,-0.025400
10.535627,-0.022988
10.540629,-0.022110
10.545631,-0.024335
10.550633,-0.022797
10.555635,-0.020113
10.560637,-0.019431
10.565639,-0.023715
10.570642,-0.023597
10.575644,-0.021785
10.580646,-0.021581
10.585648,-0.019825
10.590650,-0.018716
10.595652,-0.017913
10.600654,-0.018927
10.605656,-0.017344
10.610658,-0.018027
10.615660,-0.017424
10.620662,-0.014963
10.625664,-0.013999
10.630666,-0.014582
10.635668,-0.013316
10.640670,-0.011350
10.645672,-0.010364
10.650674,-0.008898
10.655676,-0.007226
10.660678,-0.005806
10.665680,-0.006397
10.670682,-0.005991
10.675684,-0.001735
10.680686,0.000028
10.685688,0.003506
10.690690,0.002614
10.695692,0.001932
10.700694,0.001753
10.705696,0.002876
10.710698,0.002744
10.715700,0.006243
10.720702,0.006972
10.725704,0.007257
10.730706,0.009476
10.735708,0.008692
10.740710,0.009398
10.745712,0.011056
10.750714,0.011964
10.755716,0.012816
10.760718,0.012743
10.765720,0.012987
10.770722,0.010684
10.775724,0.010263
10.780726,0.011506
10.785728,0.014918
10.790730,0.016026
10.795732,0.015766
10.800735,0.015843
10.805737,0.017067
10.810739,0.016723
10.815741,0.017106
10.820743,0.019025
10.825745,0.021409
10.830747,0.025104
10.835749,0.024027
10.840751,0.024206
10.845753,0.026157
10.850755,0.025863
10.855757,0.026371
10.860759,0.027217
10.865761,0.029304
10.870763,0.029444
10.875765,0.027684
10.880767,0.026195
10.885769,0.028631
10.890771,0.029583
10.895773,0.031275
10.900775,0.031370
10.905777,0.032679
10.910779,0.033610
10.915781,0.032446
10.920783,0.032393
10.925785,0.033932
10.930787,0.033518
10.935789,0.034097
10.940791,0.033080
10.945793,0.034834
10.950795,0.034989
10.955797,0.035406
10.960799,0.038178
10.965801,0.033405
10.970803,0.034478
10.975805,0.037277
10.980807,0.037084
10.985809,0.037317
10.990811,0.037571
10.995813,0.036060
11.000815,0.037319
11.005817,0.037556
11.010819,0.039642
11.015821,0.038046
11.020823,0.037981
11.025826,0.039523
11.030828,0.039923
11.035830,0.041870
11.040832,0.043800
11.045834,0.044559
11.050836,0.046278
11.055838,0.046186
11.060840,0.046846
11.065842,0.045060
11.070844,0.043855
11.075846,0.044847
11.080848,0.046725
11.085850,0.045888
11.090852,0.045270
11.095854,0.047827
11.100856,0.050752
11.105858,0.051600
11.110860,0.052807
11.115862,0.054319
11.120864,0.053302
11.125866,0.055092
11.130868,0.055180
11.135870,0.057211
11.140872,0.056067
11.145874,0.058014
11.150876,0.056950
11.155878,0.059572
11.160880,0.061487
11.165882,0.060991
11.170884,0.063373
11.175886,0.065516
11.180888,0.068027
11.185890,0.071540
11.190892,0.071979
11.195894,0.071662
11.200896,0.073702
11.205898,0.076427
11.210900,0.078183
11.215902,0.084437
11.220904,0.085517
11.225906,0.085267
11.230908,0.086718
11.235910,0.091248
11.240912,0.095118
11.245914,0.097078
11.250916,0.096042
11.255919,0.099918
11.260921,0.100326
11.265923,0.105730
11.270925,0.107959
11.275927,0.107541
11.280929,0.107524
11.285931,0.107012
11.290933,0.106193
11.295935,0.105539
11.300937,0.106451
11.305939,0.109613
11.310941,0.108754
11.315943,0.109461
11.320945,0.111377
11.325947,0.115220
11.330949,0.116634
11.335951,0.117365
11.340953,0.119246
11.345955,0.121748
11.350957,0.126632
11.355959,0.127851
11.360961,0.132800
11.365963,0.137328
11.370965,0.140670
11.375967,0.144521
11.380969,0.145197
11.385971,0.144786
11.390973,0.147894
11.395975,0.151376
11.400977,0.150859
11.405979,0.146861
11.410981,0.148079
11.415983,0.149810
11.420985,0.151323
11.425987,0.149793
11.430989,0.151002
11.435991,0.149996
11.440993,0.154039
11.445995,0.152160
11.450997,0.153405
11.455999,0.152374
11.461001,0.151451
11.466003,0.150092
11.471005,0.153159
11.476007,0.147036
11.481009,0.147273
11.486012,0.146487
11.491014,0.142907
11.496016,0.139420
11.501018,0.138647
11.506020,0.135323
11.511022,0.133369
11.516024,0.130068
11.521026,0.126333
11.526028,0.127388
11.531030,0.125146
11.536032,0.120998
11.541034,0.122438
11.546036,0.119005
11.551038,0.121196
11.556040,0.121892
11.561042,0.122132
11.566044,0.117097
11.571046,0.115279
11.576048,0.115136
11.581050,0.113583
11.586052,0.113301
11.591054,0.113532
11.596056,0.111121
11.601058,0.109170
11.606060,0.109791
11.611062,0.108277
11.616064,0.107521
11.621066,0.107352
11.626068,0.109296
11.631070,0.110046
11.636072,0.105313
11.641074,0.102783
11.646076,0.101127
11.651078,0.098190
11.656080,0.096046
11.661082,0.092429
11.666084,0.091643
11.671086,0.089940
11.676088,0.089227
11.681090,0.086832
11.686092,0.084032
11.691094,0.088674
11.696096,0.086622
11.701098,0.082600
11.706100,0.079590
11.711102,0.079736
11.716105,0.077693
11.721107,0.075929
11.726109,0.077082
11.731111,0.076306
11.736113,0.072161
11.741115,0.074497
11.746117,0.077717
11.751119,0.074707
11.756121,0.071217
11.761123,0.069177
11.766125,0.067805
11.771127,0.069331
11.776129,0.068937
11.781131,0.071105
11.786133,0.070119
11.791135,0.070205
11.796137,0.068113
11.801139,0.065419
11.806141,0.062545
11.811143,0.063319
11.816145,0.061621
11.821147,0.061863
11.826149,0.059221
11.831151,0.058165
11.836153,0.057294
11.841155,0.057092
11.846157,0.055178
11.851159,0.056291
11.856161,0.056326
11.861163,0.054754
11.866165,0.053431
11.871167,0.052473
11.876169,0.053122
11.881171,0.054361
11.886173,0.054163
11.891175,0.053713
11.896177,0.055298
11.901179,0.054642
11.906181,0.055424
11.911183,0.055272
11.916185,0.052685
11.921187,0.051371
11.926189,0.051505
11.931191,0.050775
11.936193,0.047089
11.941195,0.046730
11.946198,0.046229
11.951200,0.044023
11.956202,0.044054
11.961204,0.044759
11.966206,0.043422
11.971208,0.041959
11.976210,0.041836
11.981212,0.043832
11.986214,0.042178
11.991216,0.040785
11.996218,0.039602
12.001220,0.040179
12.006222,0.040623
12.011224,0.041897
12.016226,0.039893
12.021228,0.039934
12.026230,0.038384
12.031232,0.036932
12.036234,0.033872
12.041236,0.032155
12.046238,0.029098
12.051240,0.028290
12.056242,0.024387
12.061244,0.020837
12.066246,0.015143
12.071248,0.012901
12.076250,0.008943
12.081252,0.006390
12.086254,-0.001358
12.091256,-0.003400
12.096258,-0.007355
12.101260,-0.008577
12.106262,-0.013216
12.111264,-0.016057
12.116266,-0.020654
12.121268,-0.024372
12.126270,-0.026621
12.131272,-0.029142
12.136274,-0.034095
12.141276,-0.035612
12.146278,-0.036296
12.151280,-0.039105
12.156282,-0.041178
12.161284,-0.042163
12.166286,-0.044369
12.171288,-0.047758
12.176291,-0.050229
12.181293,-0.052495
12.186295,-0.055995
12.191297,-0.057018
12.196299,-0.060789
12.201301,-0.061988
12.206303,-0.064907
12.211305,-0.064934
12.216307,-0.066916
12.221309,-0.065122
12.226311,-0.067672
12.231313,-0.066611
12.236315,-0.065766
12.241317,-0.064664
12.246319,-0.061784
12.251321,-0.063464
12.256323,-0.060897
12.261325,-0.059100
12.266327,-0.065027
12.271329,-0.064477
12.276331,-0.067198
12.281333,-0.067840
12.286335,-0.073844
12.291337,-0.077313
12.296339,-0.079298
12.301341,-0.081352
12.306343,-0.081591
12.311345,-0.080189
12.316347,-0.078582
12.321349,-0.078853
12.326351,-0.080465
12.331353,-0.079947
12.336355,-0.077664
12.341357,-0.077830
12.346359,-0.083422
12.351361,-0.083315
12.356363,-0.088447
12.361365,-0.089940
12.366367,-0.093857
12.371369,-0.094694
12.376371,-0.095185
12.381373,-0.095488
12.386375,-0.095271
12.391377,-0.094349
12.396379,-0.091108
12.401381,-0.091465
12.406384,-0.088829
12.411386,-0.085903
12.416388,-0.089899
12.421390,-0.091800
12.426392,-0.088143
12.431394,-0.088566
12.436396,-0.087643
12.441398,-0.090015
12.446400,-0.089617
12.451402,-0.088719
12.456404,-0.090199
12.461406,-0.090049
12.466408,-0.093410
12.471410,-0.092759
12.476412,-0.090171
12.481414,-0.088352
12.486416,-0.083462
12.491418,-0.082729
12.496420,-0.083112
12.501422,-0.083398
12.506424,-0.085076
12.511426,-0.085652
12.516428,-0.081632
12.521430,-0.082858
12.526432,-0.081567
12.531434,-0.082312
12.536436,-0.079750
12.541438,-0.078126
12.546440,-0.076233
12.551442,-0.074718
12.556444,-0.073615
12.561446,-0.073619
12.566448,-0.074802
12.571450,-0.072771
12.576452,-0.066519
12.581454,-0.065595
12.586456,-0.059075
12.591458,-0.054542
12.596460,-0.051997
12.601462,-0.051921
12.606464,-0.048174
12.611466,-0.042151
12.616468,-0.039701
12.621470,-0.039405
12.626472,-0.034724
12.631474,-0.032150
12.636477,-0.024561
12.641479,-0.019965
12.646481,-0.020708
12.651483,-0.018389
12.656485,-0.014874
12.661487,-0.011592
12.666489,-0.011255
12.671491,-0.008569
12.676493,-0.007378
12.681495,-0.006103
12.686497,-0.001893
12.691499,-0.000852
12.696501,0.003971
12.701503,0.004727
12.706505,0.007432
12.711507,0.010162
12.716509,0.012703
12.721511,0.011056
12.726513,0.012526
12.731515,0.013686
12.736517,0.013831
12.741519,0.016527
12.746521,0.017315
12.751523,0.019552
12.756525,0.022117
12.761527,0.023044
12.766529,0.030519
12.771531,0.031012
12.776533,0.032752
12.781535,0.033180
12.786537,0.033867
12.791539,0.034679
12.796541,0.034750
12.801543,0.035827
12.806545,0.036082
12.811547,0.032723
12.816549,0.034720
12.821551,0.037202
12.826553,0.038501
12.831555,0.037550
12.836557,0.038026
12.841559,0.039028
12.846561,0.038051
12.851563,0.036404
12.856565,0.038321
12.861567,0.038762
12.866570,0.042039
12.871572,0.042164
12.876574,0.041775
12.881576,0.042314
12.886578,0.045913
12.891580,0.044787
12.896582,0.046829
12.901584,0.049015
12.906586,0.047364
12.911588,0.047863
12.916590,0.048385
12.921592,0.049084
12.926594,0.047508
12.931596,0.047062
12.936598,0.046804
12.941600,0.048034
12.946602,0.049557
12.951604,0.050743
12.956606,0.051317
12.961608,0.050683
12.966610,0.050545
12.971612,0.048652
12.976614,0.049591
12.981616,0.049532
12.986618,0.051640
12.991620,0.050141
12.996622,0.049852
13.001624,0.048047
13.006626,0.045968
13.011628,0.046384
13.016630,0.048253
13.021632,0.046478
13.026634,0.045981
13.031636,0.045659
13.036638,0.044448
13.041640,0.043090
13.046642,0.042383
13.051644,0.043101
13.056646,0.043179
13.061648,0.045195
13.066650,0.045258
13.071652,0.047646
13.076654,0.049467
13.081656,0.048554
13.086658,0.045032
13.091660,0.044335
13.096663,0.046095
13.101665,0.044019
13.106667,0.044258
13.111669,0.045705
13.116671,0.046207
13.121673,0.046497
13.126675,0.045526
13.131677,0.042696
13.136679,0.044337
13.141681,0.043121
13.146683,0.043218
13.151685,0.042443
13.156687,0.043432
13.161689,0.044653
13.166691,0.047886
13.171693,0.049554
13.176695,0.053604
13.181697,0.056401
13.186699,0.058686
13.191701,0.061799
13.196703,0.064940
13.201705,0.065831
13.206707,0.069213
13.211709,0.070509
13.216711,0.073360
13.221713,0.073878
13.226715,0.074874
13.231717,0.077470
13.236719,0.080725
13.241721,0.082168
13.246723,0.086466
13.251725,0.086032
13.256727,0.085033
13.261729,0.082560
13.266731,0.086007
13.271733,0.088656
13.276735,0.090022
13.281737,0.091229
13.286739,0.091222
13.291741,0.092871
13.296743,0.094954
13.301745,0.097179
13.306747,0.099991
13.311749,0.102062
13.316751,0.102996
13.321754,0.102785
13.326756,0.107414
13.331758,0.108845
13.336760,0.109563
13.341762,0.111771
13.346764,0.112225
13.351766,0.108923
13.356768,0.105585
13.361770,0.104706
13.366772,0.105487
13.371774,0.103874
13.376776,0.102804
13.381778,0.101304
13.386780,0.101696
13.391782,0.097576
13.396784,0.095009
13.401786,0.095266
13.406788,0.097060
13.411790,0.101799
13.416792,0.100724
13.421794,0.100154
13.426796,0.095771
13.431798,0.096171
13.436800,0.089574
13.441802,0.086570
13.446804,0.085138
13.451806,0.087010
13.456808,0.083487
13.461810,0.081254
13.466812,0.079018
13.471814,0.075917
13.476816,0.072353
13.481818,0.070588
13.486820,0.071187
13.491822,0.071124
13.496824,0.072759
13.501826,0.073233
13.506828,0.076024
13.511830,0.073794
13.516832,0.070801
13.521834,0.069382
13.526836,0.067655
13.531838,0.066987
13.536840,0.066914
13.541842,0.065146
13.546844,0.064566
13.551847,0.063205
13.556849,0.060517
13.561851,0.059813
13.566853,0.056796
13.571855,0.057865
13.576857,0.055638
13.581859,0.056288
13.586861,0.056948
13.591863,0.057497
13.596865,0.054167
13.601867,0.053962
13.606869,0.052742
13.611871,0.051031
13.616873,0.048159
13.621875,0.047925
13.626877,0.046481
13.631879,0.047161
13.636881,0.046110
13.641883,0.045322
13.646885,0.043695
13.651887,0.043302
13.656889,0.043467
13.661891,0.043395
13.666893,0.040783
13.671895,0.040926
13.676897,0.040772
13.681899,0.039399
13.686901,0.037399
13.691903,0.032600
13.696905,0.031899
13.701907,0.033612
13.706909,0.035079
13.711911,0.033921
13.716913,0.032389
13.721915,0.031181
13.726917,0.031829
13.731919,0.034712
13.736921,0.034006
13.741923,0.032998
13.746925,0.031321
13.751927,0.028768
13.756929,0.029756
13.761931,0.028103
13.766933,0.027597
13.771935,0.027486
13.776937,0.030084
13.781940,0.028749
13.786942,0.028391
13.791944,0.028702
13.796946,0.030850
13.801948,0.028185
13.806950,0.026984
13.811952,0.025777
13.816954,0.023860
13.821956,0.024943
13.826958,0.026115
13.831960,0.025597
13.836962,0.026263
13.841964,0.025082
13.846966,0.023427
13.851968,0.023027
13.856970,0.022968
13.861972,0.022562
13.866974,0.020751
13.871976,0.019671
13.876978,0.016422
13.881980,0.016050
13.886982,0.016892
13.891984,0.017657
13.896986,0.016117
13.901988,0.017972
13.906990,0.017062
13.911992,0.017672
13.916994,0.014770
13.921996,0.015283
13.926998,0.012464
13.932000,0.014093
13.937002,0.012999
13.942004,0.015242
13.947006,0.017291
13.952008,0.018839
13.957010,0.019940
13.962012,0.018401
13.967014,0.018354
13.972016,0.018800
13.977018,0.017949
13.982020,0.015575
13.987022,0.013959
13.992024,0.011290
13.997026,0.008227
14.002028,0.007160
14.007030,0.004443
14.012033,0.005477
14.017035,0.006269
14.022037,0.005439
14.027039,0.002637
14.032041,0.002113
14.037043,0.001603
14.042045,0.001911
14.047047,-0.000684
14.052049,-0.002332
14.057051,-0.002739
14.062053,-0.004483
14.067055,-0.006207
14.072057,-0.008653
14.077059,-0.010011
14.082061,-0.012245
14.087063,-0.011541
14.092065,-0.014648
14.097067,-0.017202
14.102069,-0.018520
14.107071,-0.021460
14.112073,-0.022852
14.117075,-0.024733
14.122077,-0.024610
14.127079,-0.026543
14.132081,-0.027840
14.137083,-0.030627
14.142085,-0.031104
14.147087,-0.031180
14.152089,-0.032521
14.157091,-0.033833
14.162093,-0.032134
14.167095,-0.031388
14.172097,-0.032719
14.177099,-0.031408
14.182101,-0.032880
14.187103,-0.031792
14.192105,-0.033566
14.197107,-0.037016
14.202109,-0.034184
14.207111,-0.034287
14.212113,-0.034947
14.217115,-0.034621
14.222117,-0.038906
14.227119,-0.038084
14.232121,-0.033959
14.237123,-0.036635
14.242126,-0.035997
14.247128,-0.039629
14.252130,-0.041913
14.257132,-0.041444
14.262134,-0.039567
14.267136,-0.038210
14.272138,-0.039507
14.277140,-0.038434
14.282142,-0.036221
14.287144,-0.030484
14.292146,-0.029241
14.297148,-0.026865
14.302150,-0.024926
14.307152,-0.026815
14.312154,-0.027131
14.317156,-0.029037
14.322158,-0.027194
14.327160,-0.029548
14.332162,-0.029706
14.337164,-0.029926
14.342166,-0.028000
14.347168,-0.030365
14.352170,-0.028330
14.357172,-0.025506
14.362174,-0.026126
14.367176,-0.022727
14.372178,-0.019070
14.377180,-0.018111
14.382182,-0.019584
14.387184,-0.018666
14.392186,-0.017838
14.397188,-0.015608
14.402190,-0.013463
14.407192,-0.017667
14.412194,-0.016392
14.417196,-0.016019
14.422198,-0.014440
14.427200,-0.018139
14.432202,-0.017761
14.437204,-0.014040
14.442206,-0.009457
14.447208,-0.009227
14.452210,-0.004574
14.457212,-0.007015
14.462214,-0.005174
14.467216,-0.001724
14.472219,-0.003354
14.477221,-0.002504
14.482223,-0.000361
14.487225,-0.003635
14.492227,-0.007765
14.497229,-0.009959
14.502231,-0.009861
14.507233,-0.009338
14.512235,-0.007185
14.517237,-0.006788
14.522239,-0.008952
14.527241,-0.008346
14.532243,-0.008244
14.537245,-0.006054
14.542247,-0.001923
14.547249,-0.002187
14.552251,-0.003028
14.557253,-0.007160
14.562255,-0.006990
14.567257,-0.010170
14.572259,-0.005547
14.577261,-0.005471
14.582263,-0.006496
14.587265,-0.002462
14.592267,-0.002191
14.597269,-0.000662
14.602271,-0.000963
14.607273,0.000715
14.612275,0.003573
14.617277,0.003133
14.622279,0.003406
14.627281,0.004026
14.632283,0.001893
14.637285,0.004605
14.642287,0.007154
14.647289,0.008834
14.652291,0.010224
14.657293,0.009422
14.662295,0.012334
14.667297,0.010225
14.672299,0.010202
14.677301,0.011408
14.682303,0.011651
14.687305,0.010928
14.692307,0.011100
14.697309,0.014653
14.702312,0.014126
14.707314,0.017115
14.712316,0.016065
14.717318,0.021688
14.722320,0.021670
14.727322,0.021780
14.732324,0.022384
14.737326,0.020351
14.742328,0.018296
14.747330,0.017576
14.752332,0.017708
14.757334,0.015729
14.762336,0.013268
14.767338,0.013187
14.772340,0.014113
14.777342,0.013057
14.782344,0.015412
14.787346,0.014301
14.792348,0.014377
14.797350,0.013869
14.802352,0.012793
14.807354,0.013769
14.812356,0.013545
14.817358,0.015819
14.822360,0.016595
14.827362,0.015950
14.832364,0.014467
14.837366,0.016753
14.842368,0.018092
14.847370,0.016502
14.852372,0.019435
14.857374,0.020911
14.862376,0.020618
14.867378,0.021545
14.872380,0.021529
14.877382,0.020009
14.882384,0.020921
14.887386,0.020693
14.892388,0.023134
14.897390,0.023156
14.902392,0.021269
14.907394,0.023933
14.912396,0.026113
14.917398,0.026429
14.922400,0.025270
14.927402,0.025351
14.932405,0.027770
14.937407,0.026334
14.942409,0.027808
14.947411,0.028120
14.952413,0.026548
14.957415,0.026392
14.962417,0.027176
14.967419,0.027892
14.972421,0.026209
14.977423,0.025047
14.982425,0.023423
14.987427,0.023722
14.992429,0.026675
14.997431,0.026871
15.002433,0.028381
15.007435,0.030626
15.012437,0.033078
15.017439,0.032416
15.022441,0.030941
15.027443,0.033148
15.032445,0.032110
15.037447,0.028885
15.042449,0.027619
15.047451,0.027582
15.052453,0.028154
15.057455,0.027387
15.062457,0.027371
15.067459,0.026481
15.072461,0.027127
15.077463,0.027435
15.082465,0.025948
15.087467,0.028447
15.092469,0.029900
15.097471,0.033945
15.102473,0.033601
15.107475,0.030657
15.112477,0.027381
15.117479,0.024143
15.122481,0.022217
15.127483,0.023664
15.132485,0.024497
15.137487,0.023905
15.142489,0.024149
15.147491,0.025783
15.152493,0.024742
15.157495,0.024691
15.162498,0.025242
15.167500,0.023540
15.172502,0.021330
15.177504,0.021506
15.182506,0.023118
15.187508,0.023271
15.192510,0.023843
15.197512,0.027091
15.202514,0.029149
15.207516,0.030129
15.212518,0.027672
15.217520,0.026988
15.222522,0.025647
15.227524,0.026894
15.232526,0.027195
15.237528,0.028581
15.242530,0.028369
15.247532,0.027212
15.252534,0.028495
15.257536,0.029952
15.262538,0.030452
15.267540,0.028926
15.272542,0.027958
15.277544,0.023789
15.282546,0.025003
15.287548,0.023923
15.292550,0.027091
15.297552,0.025806
15.302554,0.023087
15.307556,0.022156
15.312558,0.022041
15.317560,0.023335
15.322562,0.026049
15.327564,0.022918
15.332566,0.020360
15.337568,0.021093
15.342570,0.020760
15.347572,0.022805
15.352574,0.022463
15.357576,0.018080
15.362578,0.013396
15.367580,0.013412
15.372582,0.014043
15.377584,0.018054
15.382586,0.019899
15.387589,0.020664
15.392591,0.020265
15.397593,0.018493
15.402595,0.020073
15.407597,0.017921
15.412599,0.020773
15.417601,0.018733
15.422603,0.019850
15.427605,0.020078
15.432607,0.017789
15.437609,0.020780
15.442611,0.020099
15.447613,0.016304
15.452615,0.015472
15.457617,0.016349
15.462619,0.014018
15.467621,0.014648
15.472623,0.013932
15.477625,0.013207
15.482627,0.014193
15.487629,0.012662
15.492631,0.012079
15.497633,0.012052
15.502635,0.011107
15.507637,0.010176
15.512639,0.013336
15.517641,0.014543
15.522643,0.012416
15.527645,0.011821
15.532647,0.011953
15.537649,0.013029
15.542651,0.011054
15.547653,0.011956
15.552655,0.008536
15.557657,0.011469
15.562659,0.011022
15.567661,0.013061
15.572663,0.013316
15.577665,0.012769
15.582667,0.010850
15.587669,0.012372
15.592671,0.011422
15.597673,0.010690
15.602675,0.010561
15.607677,0.010512
15.612679,0.011207
15.617682,0.010765
15.622684,0.010215
15.627686,0.008857
15.632688,0.011285
15.637690,0.012965
15.642692,0.010954
15.647694,0.009878
15.652696,0.011956
15.657698,0.011064
15.662700,0.011159
15.667702,0.012770
15.672704,0.014745
15.677706,0.013288
15.682708,0.014069
15.687710,0.012275
15.692712,0.013680
15.697714,0.013129
15.702716,0.010808
15.707718,0.012973
15.712720,0.011188
15.717722,0.011459
15.722724,0.011552
15.727726,0.011528
15.732728,0.009228
15.737730,0.009826
15.742732,0.009382
15.747734,0.008761
15.752736,0.009180
15.757738,0.006442
15.762740,0.007192
15.767742,0.008623
15.772744,0.009911
15.777746,0.008899
15.782748,0.009492
15.787750,0.010235
15.792752,0.011301
15.797754,0.010482
15.802756,0.007675
15.807758,0.007800
15.812760,0.008406
15.817762,0.009445
15.822764,0.005930
15.827766,0.006456
15.832768,0.008645
15.837770,0.007821
15.842772,0.009667
15.847775,0.007968
15.852777,0.008247
15.857779,0.004431
15.862781,0.004948
15.867783,0.005842
15.872785,0.006330
15.877787,0.008465
15.882789,0.010630
15.887791,0.009650
15.892793,0.012033
15.897795,0.014134
15.902797,0.013230
15.907799,0.012199
15.912801,0.014213
15.917803,0.017397
15.922805,0.014694
15.927807,0.013432
15.932809,0.014801
15.937811,0.015401
15.942813,0.015133
15.947815,0.014932
15.952817,0.017362
15.957819,0.014928
15.962821,0.013628
15.967823,0.012356
15.972825,0.014982
15.977827,0.016083
15.982829,0.017907
15.987831,0.019461
15.992833,0.017360
15.997835,0.014502
16.002834,0.014275
16.007832,0.014531
16.012829,0.015685
16.017826,0.016386
16.022823,0.016124
16.027821,0.017782
16.032818,0.019266
16.037815,0.020466
16.042812,0.019845
16.047810,0.024663
16.052807,0.021621
16.057804,0.022433
16.062801,0.024090
16.067799,0.024726
16.072796,0.025753
16.077793,0.029526
16.082790,0.029818
16.087788,0.029133
16.092785,0.030548
16.097782,0.033216
16.102779,0.035443
16.107777,0.038687
16.112774,0.037759
16.117771,0.038780
16.122768,0.040891
16.127766,0.044545
16.132763,0.044120
16.137760,0.045808
16.142757,0.045476
16.147755,0.049534
16.152752,0.049102
16.157749,0.048617
16.162746,0.050998
16.167744,0.048850
16.172741,0.050050
16.177738,0.050570
16.182735,0.051297
16.187733,0.052910
16.192730,0.050673
16.197727,0.049353
16.202724,0.048593
16.207722,0.050465
16.212719,0.052039
16.217716,0.052472
16.222713,0.056236
16.227711,0.059701
16.232708,0.060603
16.237705,0.062791
16.242702,0.060627
16.247700,0.062298
16.252697,0.058731
16.257694,0.055419
16.262691,0.056629
16.267689,0.055853
16.272686,0.056471
16.277683,0.057070
16.282681,0.055224
16.287678,0.055998
16.292675,0.055546
16.297672,0.056822
16.302670,0.057740
16.307667,0.059935
16.312664,0.062539
16.317661,0.063243
16.322659,0.062564
16.327656,0.061218
16.332653,0.060520
16.337650,0.057476
16.342648,0.061562
16.347645,0.061888
16.352642,0.059710
16.357639,0.059680
16.362637,0.059157
16.367634,0.061887
16.372631,0.062631
16.377628,0.062273
16.382626,0.062035
16.387623,0.066773
16.392620,0.065232
16.397617,0.065119
16.402615,0.063233
16.407612,0.064084
16.412609,0.066906
16.417606,0.066511
16.422604,0.062786
16.427601,0.064006
16.432598,0.065625
16.437595,0.065808
16.442593,0.064866
16.447590,0.058018
16.452587,0.056482
16.457584,0.057278
16.462582,0.060064
16.467579,0.061785
16.472576,0.060804
16.477573,0.062097
16.482571,0.060917
16.487568,0.063491
16.492565,0.063207
16.497562,0.059754
16.502560,0.058216
16.507557,0.059424
16.512554,0.060833
16.517551,0.058094
16.522549,0.059353
16.527546,0.060395
16.532543,0.062492
16.537540,0.060504
16.542538,0.060070
16.547535,0.063014
16.552532,0.061654
16.557529,0.060385
16.562527,0.062745
16.567524,0.060506
16.572521,0.061755
16.577518,0.065260
16.582516,0.064769
16.587513,0.065222
16.592510,0.061891
16.597507,0.062194
16.602505,0.060184
16.607502,0.059338
16.612499,0.056019
16.617496,0.058219
16.622494,0.057885
16.627491,0.057376
16.632488,0.056531
16.637486,0.055424
16.642483,0.054647
16.647480,0.048648
16.652477,0.049406
16.657475,0.049961
16.662472,0.050937
16.667469,0.045361
16.672466,0.043650
16.677464,0.037306
16.682461,0.037227
16.687458,0.035943
16.692455,0.036503
16.697453,0.033918
16.702450,0.031996
16.707447,0.033951
16.712444,0.034361
16.717442,0.034409
16.722439,0.034147
16.727436,0.033671
16.732433,0.034436
16.737431,0.033175
16.742428,0.031868
16.747425,0.030414
16.752422,0.030078
16.757420,0.027933
16.762417,0.030195
16.767414,0.029213
16.772411,0.029689
16.777409,0.025793
16.782406,0.024479
16.787403,0.024138
16.792400,0.027155
16.797398,0.025908
16.802395,0.021083
16.807392,0.022537
16.812389,0.023037
16.817387,0.022353
16.822384,0.021780
16.827381,0.020496
16.832378,0.020609
16.837376,0.021460
16.842373,0.019562
16.847370,0.017908
16.852367,0.019853
16.857365,0.019312
16.862362,0.017212
16.867359,0.017216
16.872356,0.015272
16.877354,0.012897
16.882351,0.012378
16.887348,0.009843
16.892345,0.009177
16.897343,0.010308
16.902340,0.009926
16.907337,0.009945
16.912334,0.007733
16.917332,0.005109
16.922329,0.004848
16.927326,0.004417
16.932323,0.005395
16.937321,0.005775
16.942318,0.005016
16.947315,0.006029
16.952312,0.004892
16.957310,0.003791
16.962307,0.003827
16.967304,0.003495
16.972301,0.002919
16.977299,0.004390
16.982296,0.005799
16.987293,0.005239
16.992290,0.007023
16.997288,0.004880
17.002285,0.005709
17.007282,0.007028
17.012280,0.006680
17.017277,0.010033
17.022274,0.011550
17.027271,0.012415
17.032269,0.012689
17.037266,0.011522
17.042263,0.012800
17.047260,0.011337
17.052258,0.011011
17.057255,0.010144
17.062252,0.010667
17.067249,0.012718
17.072247,0.010396
17.077244,0.013288
17.082241,0.011443
17.087238,0.014800
17.092236,0.014409
17.097233,0.014171
17.102230,0.014969
17.107227,0.015684
17.112225,0.015117
17.117222,0.013282
17.122219,0.013813
17.127216,0.015439
17.132214,0.016585
17.137211,0.015070
17.142208,0.013244
17.147205,0.009354
17.152203,0.008595
17.157200,0.009961
17.162197,0.010651
17.167194,0.008477
17.172192,0.009972
17.177189,0.013752
17.182186,0.012241
17.187183,0.012730
17.192181,0.013708
17.197178,0.015276
17.202175,0.018021
17.207172,0.016358
17.212170,0.015833
17.217167,0.015300
17.222164,0.012741
17.227161,0.012034
17.232159,0.012865
17.237156,0.011422
17.242153,0.013308
17.247150,0.012552
17.252148,0.012351
17.257145,0.015108
17.262142,0.015577
17.267139,0.017349
17.272137,0.017440
17.277134,0.014721
17.282131,0.017075
17.287128,0.018131
17.292126,0.016652
17.297123,0.015332
17.302120,0.019079
17.307117,0.017587
17.312115,0.014166
17.317112,0.011431
17.322109,0.011989
17.327106,0.011063
17.332104,0.013356
17.337101,0.012424
17.342098,0.011009
17.347095,0.007160
17.352093,0.006555
17.357090,0.005035
17.362087,0.005507
17.367085,0.004480
17.372082,0.007233
17.377079,0.007495
17.382076,0.005019
17.387074,0.004048
17.392071,0.002231
17.397068,0.004260
17.402065,0.001730
17.407063,0.003594
17.412060,0.001729
17.417057,-0.000635
17.422054,-0.000823
17.427052,0.000513
17.432049,0.002412
17.437046,0.002345
17.442043,0.005993
17.447041,0.006174
17.452038,0.009351
17.457035,0.009241
17.462032,0.009889
17.467030,0.010632
17.472027,0.011880
17.477024,0.009375
17.482021,0.010762
17.487019,0.010346
17.492016,0.011904
17.497013,0.014407
17.502010,0.015227
17.507008,0.013786
17.512005,0.013418
17.517002,0.014892
17.521999,0.014004
17.526997,0.019479
17.531994,0.021160
17.536991,0.018205
17.541988,0.022653
17.546986,0.023065
17.551983,0.024671
17.556980,0.026890
17.561977,0.026439
17.566975,0.029497
17.571972,0.030547
17.576969,0.032523
17.581966,0.033080
17.586964,0.033413
17.591961,0.035981
17.596958,0.033802
17.601955,0.034293
17.606953,0.034477
17.611950,0.036221
17.616947,0.035711
17.621944,0.034848
17.626942,0.039416
17.631939,0.036448
17.636936,0.034354
17.641933,0.035744
17.646931,0.035881
17.651928,0.035488
17.656925,0.032991
17.661922,0.033373
17.666920,0.032865
17.671917,0.032257
17.676914,0.034266
17.681911,0.036152
17.686909,0.037409
17.691906,0.038762
17.696903,0.038027
17.701900,0.036993
17.706898,0.041314
17.711895,0.044485
17.716892,0.044097
17.721889,0.043077
17.726887,0.042805
17.731884,0.042899
17.736881,0.042538
17.741879,0.043424
17.746876,0.042192
17.751873,0.039478
17.756870,0.038625
17.761868,0.037414
17.766865,0.037765
17.771862,0.041103
17.776859,0.044134
17.781857,0.046052
17.786854,0.047086
17.791851,0.047675
17.796848,0.048612
17.801846,0.048279
17.806843,0.047355
17.811840,0.044113
17.816837,0.041063
17.821835,0.037894
17.826832,0.038099
17.831829,0.037430
17.836826,0.038064
17.841824,0.039700
17.846821,0.038068
17.851818,0.038997
17.856815,0.042509
17.861813,0.040471
17.866810,0.036450
17.871807,0.036872
17.876804,0.032288
17.881802,0.031872
17.886799,0.032341
17.891796,0.030449
17.896793,0.029202
17.901791,0.028068
17.906788,0.026431
17.911785,0.025838
17.916782,0.027954
17.921780,0.030959
17.926777,0.031718
17.931774,0.033042
17.936771,0.032655
17.941769,0.032228
17.946766,0.035205
17.951763,0.035213
17.956760,0.036544
17.961758,0.035361
17.966755,0.034610
17.971752,0.035189
17.976749,0.032183
17.981747,0.033187
17.986744,0.031707
17.991741,0.031163
17.996738,0.031913
18.001736,0.032506
18.006733,0.033491
18.011730,0.033621
18.016727,0.032776
18.021725,0.031199
18.026722,0.029182
18.031719,0.030450
18.036716,0.031510
18.041714,0.028069
18.046711,0.029483
18.051708,0.028671
18.056705,0.030846
18.061703,0.033130
18.066700,0.034931
18.071697,0.036969
18.076694,0.036712
18.081692,0.036968
18.086689,0.037861
18.091686,0.039552
18.096684,0.039409
18.101681,0.041043
18.106678,0.043034
18.111675,0.042481
18.116673,0.043014
18.121670,0.043442
18.126667,0.041802
18.131664,0.045837
18.136662,0.046611
18.141659,0.046992
18.146656,0.050970
18.151653,0.049555
18.156651,0.052176
18.161648,0.052696
18.166645,0.056472
18.171642,0.057056
18.176640,0.058553
18.181637,0.060207
18.186634,0.057758
18.191631,0.057105
18.196629,0.059207
18.201626,0.060762
18.206623,0.060848
18.211620,0.061270
18.216618,0.059395
18.221615,0.058864
18.226612,0.059134
18.231609,0.060986
18.236607,0.059792
18.241604,0.059256
18.246601,0.060759
18.251598,0.061509
18.256596,0.064935
18.261593,0.065220
18.266590,0.067761
18.271587,0.065571
18.276585,0.066408
18.281582,0.068710
18.286579,0.070669
18.291576,0.068985
18.296574,0.068733
18.301571,0.070762
18.306568,0.072943
18.311565,0.075485
18.316563,0.078927
18.321560,0.078118
18.326557,0.078504
18.331554,0.078952
18.336552,0.082064
18.341549,0.080299
18.346546,0.075903
18.351543,0.076380
18.356541,0.076971
18.361538,0.075320
18.366535,0.070960
18.371532,0.069607
18.376530,0.067435
18.381527,0.070635
18.386524,0.069233
18.391521,0.072635
18.396519,0.070562
18.401516,0.067381
18.406513,0.066074
18.411510,0.068397
18.416508,0.070432
18.421505,0.068001
18.426502,0.065266
18.431499,0.066566
18.436497,0.072828
18.441494,0.070423
18.446491,0.070223
18.451488,0.070137
18.456486,0.070917
18.461483,0.071923
18.466480,0.071373
18.471478,0.070504
18.476475,0.074942
18.481472,0.074552
18.486469,0.076309
18.491467,0.078014
18.496464,0.077719
18.501461,0.074211
18.506458,0.070611
18.511456,0.069990
18.516453,0.067792
18.521450,0.064183
18.526447,0.062641
18.531445,0.063768
18.536442,0.067873
18.541439,0.069284
18.546436,0.070857
18.551434,0.071460
18.556431,0.073567
18.561428,0.074153
18.566425,0.070575
18.571423,0.070416
18.576420,0.071655
18.581417,0.071699
18.586414,0.071043
18.591412,0.073965
18.596409,0.074479
18.601406,0.074476
18.606403,0.076255
18.611401,0.076775
18.616398,0.076586
18.621395,0.077594
18.626392,0.078387
18.631390,0.079101
18.636387,0.074153
18.641384,0.077457
18.646381,0.075266
18.651379,0.072928
18.656376,0.069999
18.661373,0.068011
18.666370,0.065001
18.671368,0.063879
18.676365,0.064409
18.681362,0.065658
18.686359,0.064118
18.691357,0.062970
18.696354,0.060874
18.701351,0.059020
18.706348,0.053470
18.711346,0.054381
18.716343,0.055124
18.721340,0.053479
18.726337,0.055288
18.731335,0.054667
18.736332,0.051413
18.741329,0.052334
18.746326,0.053156
18.751324,0.052937
18.756321,0.055125
18.761318,0.056051
18.766315,0.054645
18.771313,0.058162
18.776310,0.057216
18.781307,0.058972
18.786304,0.057820
18.791302,0.058594
18.796299,0.060056
18.801296,0.058511
18.806293,0.058962
18.811291,0.060178
18.816288,0.059533
18.821285,0.057362
18.826283,0.057389
18.831280,0.057839
18.836277,0.055953
18.841274,0.056564
18.846272,0.056547
18.851269,0.056076
18.856266,0.055399
18.861263,0.055981
18.866261,0.055322
18.871258,0.055826
18.876255,0.056008
18.881252,0.053089
18.886250,0.051995
18.891247,0.052237
18.896244,0.056320
18.901241,0.053387
18.906239,0.055060
18.911236,0.053763
18.916233,0.054863
18.921230,0.055444
18.926228,0.053442
18.931225,0.052110
18.936222,0.053015
18.941219,0.053726
18.946217,0.054589
18.951214,0.055048
18.956211,0.053040
18.961208,0.053732
18.966206,0.054507
18.971203,0.057049
18.976200,0.057782
18.981197,0.058856
18.986195,0.057933
18.991192,0.059608
18.996189,0.060691
19.001186,0.058811
19.006184,0.059372
19.011181,0.060568
19.016178,0.063694
19.021175,0.060253
19.026173,0.061107
19.031170,0.063007
19.036167,0.061629
19.041164,0.059844
19.046162,0.056958
19.051159,0.058579
19.056156,0.060078
19.061153,0.058507
19.066151,0.059224
19.071148,0.057818
19.076145,0.056217
19.081142,0.059469
19.086140,0.057609
19.091137,0.057289
19.096134,0.052933
19.101131,0.052104
19.106129,0.050289
19.111126,0.050873
19.116123,0.050703
19.121120,0.051091
19.126118,0.050267
19.131115,0.050227
19.136112,0.050096
19.141109,0.048404
19.146107,0.049567
19.151104,0.047203
19.156101,0.044984
19.161098,0.044692
19.166096,0.043799
19.171093,0.044337
19.176090,0.040177
19.181087,0.039793
19.186085,0.042070
19.191082,0.039720
19.196079,0.035217
19.201077,0.033969
19.206074,0.033413
19.211071,0.031785
19.216068,0.030738
19.221066,0.029670
19.226063,0.024705
19.231060,0.020661
19.236057,0.015763
19.241055,0.014906
19.246052,0.010083
19.251049,0.010730
19.256046,0.009618
19.261044,0.006407
19.266041,0.003232
19.271038,-0.000055
19.276035,-0.002159
19.281033,-0.004075
19.286030,-0.002626
19.291027,-0.004073
19.296024,-0.004559
19.301022,-0.008368
19.306019,-0.007952
19.311016,-0.008481
19.316013,-0.009268
19.321011,-0.010986
19.326008,-0.012560
19.331005,-0.013994
19.336002,-0.015702
19.341000,-0.017624
19.345997,-0.015787
19.350994,-0.016353
19.355991,-0.019479
19.360989,-0.017661
19.365986,-0.017226
19.370983,-0.015493
19.375980,-0.010519
19.380978,-0.010240
19.385975,-0.015093
19.390972,-0.013530
19.395969,-0.013700
19.400967,-0.013192
19.405964,-0.015371
19.410961,-0.016436
19.415958,-0.016823
19.420956,-0.017110
19.425953,-0.021938
19.430950,-0.020399
19.435947,-0.018671
19.440945,-0.022222
19.445942,-0.020263
19.450939,-0.017005
19.455936,-0.020428
19.460934,-0.021526
19.465931,-0.023100
19.470928,-0.024036
19.475925,-0.025957
19.480923,-0.024708
19.485920,-0.025356
19.490917,-0.026680
19.495914,-0.031629
19.500912,-0.032165
19.505909,-0.029452
19.510906,-0.024927
19.515903,-0.021013
19.520901,-0.018778
19.525898,-0.015995
19.530895,-0.013738
19.535892,-0.010490
19.540890,-0.009259
19.545887,-0.005750
19.550884,-0.008208
19.555882,-0.006725
19.560879,-0.005326
19.565876,-0.000190
19.570873,0.001108
19.575871,0.003793
19.580868,0.003355
19.585865,0.002537
19.590862,0.002875
19.595860,0.004754
19.600857,0.004536
19.605854,0.006577
19.610851,0.005314
19.615849,0.009760
19.620846,0.008026
19.625843,0.008523
19.630840,0.006952
19.635838,0.006963
19.640835,0.006648
19.645832,0.007276
19.650829,0.006861
19.655827,0.007950
19.660824,0.010882
19.665821,0.011345
19.670818,0.012720
19.675816,0.010414
19.680813,0.011301
19.685810,0.012632
19.690807,0.010451
19.695805,0.011906
19.700802,0.011288
19.705799,0.011084
19.710796,0.013866
19.715794,0.014298
19.720791,0.013173
19.725788,0.015809
19.730785,0.015841
19.735783,0.015629
19.740780,0.016169
19.745777,0.016940
19.750774,0.015398
19.755772,0.014887
19.760769,0.012592
19.765766,0.012657
19.770763,0.012024
19.775761,0.012278
19.780758,0.011420
19.785755,0.014226
19.790752,0.012815
19.795750,0.016886
19.800747,0.019071
19.805744,0.019523
19.810741,0.019697
19.815739,0.017881
19.820736,0.014863
19.825733,0.016258
19.830730,0.016821
19.835728,0.015492
19.840725,0.014873
19.845722,0.016440
19.850719,0.017468
19.855717,0.015897
19.860714,0.016203
19.865711,0.014228
19.870708,0.015995
19.875706,0.017192
19.880703,0.016021
19.885700,0.014744
19.890697,0.016739
19.895695,0.018033
19.900692,0.019800
19.905689,0.016499
19.910686,0.016438
19.915684,0.017036
19.920681,0.018161
19.925678,0.018693
19.930676,0.020148
19.935673,0.018467
19.940670,0.019461
19.945667,0.022156
19.950665,0.022385
19.955662,0.022877
19.960659,0.022782
19.965656,0.024959
19.970654,0.026105
19.975651,0.026310
19.980648,0.023484
19.985645,0.021114
19.990643,0.021269
19.995640,0.026270
20.000637,0.026826
