time, Quad1.Est.E.VX, Quad2.Est.E.VX, Quad3.Est.E.VX, Quad4.Est.E.VX, Quad5.Est.E.VX, Quad6.Est.E.VX, Quad7.Est.E.VX, Quad8.Est.E.VX, Quad9.Est.E.VX, Quad10.Est.E.VX, Quad1.Est.S.VX, Quad1.Est.S.VX
0.005000,0.002010,0.002527,0.002034,0.001162,0.001134,0.000840,0.002913,-0.000572,-0.000442,0.003071,0.100000,-0.100000
0.010000,0.002844,0.001621,0.002522,0.001406,0.003062,-0.000004,0.001637,-0.001751,-0.000611,0.001467,0.100000,-0.100000
0.015000,-0.000404,0.001934,0.002293,0.002878,0.004009,-0.000971,-0.001867,-0.002908,-0.000244,0.002499,0.100000,-0.100000
0.020000,-0.002055,0.003461,0.001682,0.004175,0.004185,-0.003179,-0.001548,-0.002300,-0.000827,0.003672,0.100000,-0.100000
0.025000,0.000227,0.004610,0.003146,0.003350,0.002042,-0.003757,-0.003042,-0.003242,0.000452,0.002995,0.100000,-0.100000
0.030000,-0.002916,0.004861,0.003361,0.004291,0.003195,-0.004492,-0.004019,-0.004414,-0.000142,0.002471,0.100000,-0.100000
0.035000,-0.003752,0.001422,0.004553,0.005461,-0.000197,-0.005807,-0.004805,-0.002301,-0.001616,0.000424,0.100000,-0.100000
0.040000,-0.003469,0.002370,0.006487,0.004095,0.000826,-0.007550,-0.004690,0.000855,-0.005624,0.001558,0.100000,-0.100000
0.045000,-0.000810,-0.001953,0.006875,0.003234,-0.000351,-0.008528,-0.006014,0.001321,-0.003005,0.004528,0.100000,-0.100000
0.050000,-0.003504,-0.004653,0.006277,0.004755,-0.000663,-0.007917,-0.004822,0.001071,-0.005181,0.005094,0.100000,-0.100000
0.055000,-0.005081,-0.004765,0.005350,0.003648,-0.001202,-0.009222,-0.007180,0.001792,-0.005164,0.003941,0.100000,-0.100000
0.060000,-0.005645,-0.004835,0.005978,0.001749,-0.002123,-0.010178,-0.007180,0.001000,-0.003642,0.002690,0.100000,-0.100000
0.065000,-0.006395,-0.003177,0.008378,0.003012,0.000058,-0.013372,-0.008427,0.002602,-0.001176,0.004778,0.100000,-0.100000
0.070000,-0.003991,-0.000834,0.007717,0.005731,0.000949,-0.012865,-0.008583,0.004630,-0.001064,0.002185,0.100000,-0.100000
0.075000,-0.002699,-0.000266,0.009478,0.004734,-0.000046,-0.013826,-0.007444,0.007515,-0.005291,0.002206,0.100000,-0.100000
0.080000,-0.004223,-0.001475,0.010670,0.004889,-0.001317,-0.012816,-0.008809,0.007270,-0.007826,0.002579,0.100000,-0.100000
0.085000,-0.005532,-0.002464,0.012056,0.004855,-0.001342,-0.014980,-0.009845,0.008832,-0.010051,0.003057,0.100000,-0.100000
0.090000,-0.004740,-0.003782,0.012403,0.005281,-0.002092,-0.014940,-0.010335,0.008627,-0.009298,0.003366,0.100000,-0.100000
0.095000,-0.005843,-0.002337,0.016998,0.004361,-0.002015,-0.016335,-0.007501,0.011207,-0.010209,0.002007,0.100000,-0.100000
0.100000,-0.009461,-0.002993,0.015745,0.006152,-0.000366,-0.015071,-0.006737,0.009954,-0.007596,0.000554,0.100000,-0.100000
0.105000,-0.010908,-0.003041,0.015890,0.008150,0.001835,-0.013002,-0.005689,0.010886,-0.008965,0.001522,0.100000,-0.100000
0.110000,-0.012799,-0.000511,0.017170,0.007143,0.002976,-0.011483,-0.005503,0.012033,-0.008076,0.000754,0.100000,-0.100000
0.115000,-0.017014,-0.002233,0.016715,0.009340,0.002506,-0.010448,-0.003509,0.013715,-0.008809,0.000606,0.100000,-0.100000
0.120000,-0.018291,-0.003907,0.017851,0.010667,0.005638,-0.013187,-0.004466,0.013030,-0.007890,-0.000295,0.100000,-0.100000
0.125000,-0.019921,-0.003929,0.018076,0.009253,0.003870,-0.012841,-0.006033,0.012315,-0.008047,-0.001986,0.100000,-0.100000
0.130000,-0.020179,-0.004884,0.019924,0.010424,0.003605,-0.013308,-0.009566,0.014880,-0.009109,-0.001357,0.100000,-0.100000
0.135000,-0.020994,-0.003273,0.017737,0.010648,0.002981,-0.012806,-0.009235,0.017697,-0.008198,-0.000689,0.100000,-0.100000
0.140000,-0.022608,-0.002847,0.019780,0.011416,0.005362,-0.012885,-0.010997,0.017819,-0.009253,-0.002269,0.100000,-0.100000
0.145000,-0.026754,-0.003999,0.022400,0.009874,0.006550,-0.013744,-0.011524,0.018478,-0.007922,-0.005172,0.100000,-0.100000
0.150000,-0.027794,-0.004877,0.022795,0.009453,0.007317,-0.011573,-0.011835,0.016718,-0.009004,-0.005557,0.100000,-0.100000
0.155000,-0.030064,-0.002113,0.023392,0.007684,0.008784,-0.009884,-0.011854,0.015528,-0.009600,-0.005700,0.100000,-0.100000
0.160000,-0.029014,-0.002666,0.023870,0.005932,0.009761,-0.010513,-0.011734,0.017563,-0.008810,-0.006287,0.100000,-0.100000
0.165000,-0.029282,-0.003958,0.023820,0.008117,0.011724,-0.010734,-0.010896,0.017085,-0.006771,-0.005915,0.100000,-0.100000
0.170000,-0.029437,-0.003411,0.025120,0.009789,0.007276,-0.011094,-0.011394,0.018012,-0.007512,-0.005717,0.100000,-0.100000
0.175000,-0.029667,-0.005261,0.023938,0.009677,0.007535,-0.010946,-0.012560,0.018965,-0.007073,-0.007447,0.100000,-0.100000
0.180000,-0.032255,-0.003327,0.025989,0.010141,0.008877,-0.013475,-0.014152,0.018037,-0.010236,-0.008812,0.100000,-0.100000
0.185000,-0.034389,-0.006294,0.027557,0.010716,0.010178,-0.008823,-0.015252,0.018249,-0.011002,-0.008703,0.100000,-0.100000
0.190000,-0.036033,-0.007532,0.028799,0.011017,0.009440,-0.008572,-0.016870,0.020056,-0.012648,-0.009889,0.100000,-0.100000
0.195000,-0.034796,-0.006966,0.028586,0.012465,0.008224,-0.005199,-0.018478,0.022984,-0.014379,-0.007293,0.100000,-0.100000
0.200000,-0.035246,-0.008192,0.030291,0.014067,0.011504,-0.006573,-0.020236,0.021757,-0.015046,-0.005009,0.100000,-0.100000
0.205000,-0.037395,-0.007385,0.030815,0.014588,0.011557,-0.007708,-0.022933,0.020045,-0.016878,-0.004735,0.100000,-0.100000
0.210000,-0.037478,-0.006019,0.031820,0.013312,0.010011,-0.008306,-0.024308,0.025117,-0.016512,-0.005926,0.100000,-0.100000
0.215000,-0.040259,-0.006605,0.030961,0.014327,0.011017,-0.010675,-0.022514,0.026154,-0.018287,-0.005684,0.100000,-0.100000
0.220000,-0.041116,-0.006697,0.033263,0.013423,0.013185,-0.010895,-0.022756,0.025033,-0.017019,-0.003486,0.100000,-0.100000
0.225000,-0.043393,-0.009536,0.033926,0.012443,0.016007,-0.012641,-0.023279,0.026741,-0.015145,-0.004968,0.100000,-0.100000
0.230000,-0.045595,-0.008372,0.035796,0.012095,0.012386,-0.011398,-0.022843,0.028757,-0.016536,-0.004347,0.100000,-0.100000
0.235000,-0.048641,-0.009235,0.034937,0.015140,0.015563,-0.012437,-0.027616,0.028840,-0.016143,-0.005080,0.100000,-0.100000
0.240000,-0.050708,-0.010170,0.035284,0.012173,0.014117,-0.014970,-0.028549,0.030444,-0.015528,-0.003066,0.100000,-0.100000
0.245000,-0.052412,-0.008690,0.038195,0.013574,0.016947,-0.014872,-0.029744,0.031758,-0.014087,-0.000972,0.100000,-0.100000
0.250000,-0.051597,-0.010338,0.039571,0.015124,0.019109,-0.016707,-0.032874,0.032555,-0.011420,-0.003808,0.100000,-0.100000
0.255000,-0.052808,-0.010584,0.042028,0.016390,0.021371,-0.015738,-0.032756,0.032445,-0.010728,-0.001273,0.100000,-0.100000
0.260000,-0.056046,-0.011610,0.043982,0.017683,0.022274,-0.015680,-0.033901,0.032462,-0.009114,-0.001103,0.100000,-0.100000
0.265000,-0.055645,-0.010101,0.042601,0.020810,0.021553,-0.014449,-0.033399,0.032160,-0.007384,-0.002636,0.100000,-0.100000
0.270000,-0.056157,-0.009022,0.044537,0.019002,0.024822,-0.014484,-0.034459,0.033942,-0.006938,-0.001347,0.100000,-0.100000
0.275000,-0.059203,-0.010130,0.046404,0.020513,0.030073,-0.011600,-0.033493,0.032234,-0.003335,-0.005393,0.100000,-0.100000
0.280000,-0.062972,-0.010445,0.046906,0.021577,0.030071,-0.008946,-0.033880,0.034587,-0.001813,-0.007198,0.100000,-0.100000
0.285000,-0.064763,-0.010508,0.044201,0.023705,0.028346,-0.007740,-0.033761,0.037242,-0.002405,-0.006145,0.100000,-0.100000
0.290000,-0.066493,-0.010947,0.044217,0.023902,0.029363,-0.008597,-0.035151,0.039963,-0.004164,-0.007582,0.100000,-0.100000
0.295000,-0.069520,-0.014448,0.043182,0.019903,0.031190,-0.007646,-0.037561,0.044126,-0.007772,-0.009340,0.100000,-0.100000
0.300000,-0.070058,-0.013817,0.042505,0.023129,0.029365,-0.007418,-0.039127,0.043364,-0.008182,-0.007284,0.100000,-0.100000
0.305000,-0.071873,-0.014932,0.043358,0.026199,0.028166,-0.008485,-0.041379,0.041984,-0.007653,-0.010033,0.100000,-0.100000
0.310000,-0.073310,-0.016046,0.043329,0.025799,0.026030,-0.006432,-0.040354,0.040056,-0.005620,-0.008873,0.100000,-0.100000
0.314999,-0.074454,-0.017800,0.045046,0.024070,0.023744,-0.006218,-0.041493,0.039876,-0.003525,-0.009344,0.100000,-0.100000
0.319999,-0.074151,-0.018306,0.047682,0.023689,0.023095,-0.003772,-0.042390,0.040431,-0.003247,-0.006806,0.100000,-0.100000
0.324999,-0.077604,-0.019763,0.048297,0.024713,0.022109,-0.003243,-0.044609,0.038568,-0.005096,-0.005325,0.100000,-0.100000
0.329999,-0.078270,-0.021170,0.048725,0.025025,0.023250,-0.003264,-0.043629,0.039296,-0.005103,-0.005926,0.100000,-0.100000
0.334999,-0.081411,-0.023227,0.052804,0.026784,0.025535,-0.002766,-0.047296,0.038803,-0.005549,-0.007169,0.100000,-0.100000
0.339999,-0.082154,-0.025878,0.054240,0.029122,0.026028,-0.001041,-0.046672,0.039462,-0.004861,-0.007901,0.100000,-0.100000
0.344999,-0.086884,-0.029327,0.054285,0.033598,0.025092,0.000620,-0.047181,0.043125,-0.003857,-0.004152,0.100000,-0.100000
0.349999,-0.089163,-0.029408,0.056089,0.031962,0.024949,0.000539,-0.049231,0.044576,-0.003534,-0.003949,0.100000,-0.100000
0.354999,-0.089403,-0.032527,0.056463,0.034487,0.024083,0.001493,-0.047022,0.043767,-0.002478,-0.004211,0.100000,-0.100000
0.359999,-0.089431,-0.033841,0.058301,0.032621,0.027154,0.001045,-0.047925,0.045314,-0.002222,-0.003728,0.100000,-0.100000
0.364999,-0.089631,-0.034534,0.060545,0.033342,0.025395,0.002496,-0.048135,0.047242,-0.002450,-0.005308,0.100000,-0.100000
0.369999,-0.092355,-0.035109,0.057799,0.032316,0.027209,0.004796,-0.048573,0.048667,-0.003664,-0.004619,0.100000,-0.100000
0.374999,-0.095232,-0.036421,0.060532,0.032754,0.027288,0.007549,-0.047294,0.050342,-0.002611,-0.001771,0.100000,-0.100000
0.379999,-0.096633,-0.039368,0.060014,0.035210,0.027173,0.009957,-0.045869,0.051054,-0.003487,-0.001223,0.100000,-0.100000
0.384999,-0.096496,-0.041194,0.060111,0.034756,0.026707,0.011441,-0.046480,0.048071,-0.002739,-0.000614,0.100000,-0.100000
0.389999,-0.095942,-0.042501,0.061319,0.034130,0.027790,0.012254,-0.048774,0.047887,-0.002958,-0.002104,0.100000,-0.100000
0.394998,-0.098061,-0.042813,0.061677,0.031857,0.027117,0.016540,-0.052937,0.050207,0.001826,-0.004865,0.100000,-0.100000
0.399998,-0.098395,-0.043213,0.063361,0.031291,0.024033,0.016174,-0.055611,0.050786,0.002058,-0.006704,0.100000,-0.100000
0.404998,-0.101715,-0.046739,0.064810,0.031270,0.025044,0.019239,-0.056547,0.053570,-0.000394,-0.007010,0.100000,-0.100000
0.409998,-0.098743,-0.045304,0.064137,0.030842,0.024756,0.019301,-0.056557,0.054693,-0.002082,-0.006400,0.100000,-0.100000
0.414998,-0.098086,-0.049614,0.065870,0.031399,0.023367,0.020257,-0.055400,0.056000,-0.002419,-0.003738,0.100000,-0.100000
0.419998,-0.098746,-0.049501,0.067343,0.033924,0.022566,0.020026,-0.057257,0.057720,-0.003791,-0.002113,0.100000,-0.100000
0.424998,-0.101303,-0.052042,0.068411,0.038555,0.020293,0.019388,-0.057149,0.063775,-0.003008,-0.000339,0.100000,-0.100000
0.429998,-0.101008,-0.055333,0.068434,0.040979,0.020813,0.020602,-0.057592,0.066415,-0.003485,0.000969,0.100000,-0.100000
0.434998,-0.098515,-0.055421,0.066867,0.039998,0.018565,0.021562,-0.059484,0.067488,-0.008265,-0.001548,0.100000,-0.100000
0.439998,-0.100925,-0.055823,0.067011,0.037803,0.016617,0.023693,-0.059392,0.069289,-0.009243,-0.000718,0.100000,-0.100000
0.444998,-0.098083,-0.060580,0.070270,0.041887,0.019676,0.024155,-0.058608,0.070312,-0.011121,0.000317,0.100000,-0.100000
0.449998,-0.097722,-0.062492,0.068905,0.043412,0.019717,0.024564,-0.058633,0.071601,-0.010286,0.001437,0.100000,-0.100000
0.454998,-0.097494,-0.064955,0.069386,0.042828,0.020858,0.027110,-0.060750,0.070865,-0.009454,0.004260,0.100000,-0.100000
0.459998,-0.096332,-0.067261,0.068489,0.043950,0.020234,0.027602,-0.062597,0.072663,-0.010835,0.005196,0.100000,-0.100000
0.464998,-0.095554,-0.071750,0.067964,0.047517,0.020153,0.031221,-0.063525,0.073434,-0.010035,0.006903,0.100000,-0.100000
0.469997,-0.096207,-0.070316,0.066849,0.044682,0.020318,0.030216,-0.063896,0.075321,-0.012433,0.006181,0.100000,-0.100000
0.474997,-0.095494,-0.073137,0.065243,0.041768,0.022265,0.034446,-0.066093,0.079767,-0.015495,0.006793,0.100000,-0.100000
0.479997,-0.095783,-0.073579,0.063945,0.041361,0.023470,0.036744,-0.066815,0.081567,-0.015754,0.007025,0.100000,-0.100000
0.484997,-0.092198,-0.074579,0.066160,0.042652,0.020522,0.037037,-0.065265,0.083349,-0.017007,0.006709,0.100000,-0.100000
0.489997,-0.094160,-0.073819,0.068191,0.040771,0.021105,0.038131,-0.065877,0.082068,-0.016843,0.007310,0.100000,-0.100000
0.494997,-0.094426,-0.075251,0.069359,0.039617,0.020527,0.038270,-0.064007,0.083290,-0.020913,0.009628,0.100000,-0.100000
0.499997,-0.095363,-0.079472,0.070655,0.038635,0.020986,0.040089,-0.062314,0.083523,-0.019138,0.010959,0.100000,-0.100000
0.504997,-0.097069,-0.080249,0.069697,0.039047,0.020637,0.042326,-0.063281,0.084960,-0.020644,0.011369,0.100000,-0.100000
0.509997,-0.096715,-0.080316,0.074562,0.041004,0.021938,0.043581,-0.063641,0.086221,-0.020484,0.012433,0.100000,-0.100000
0.514997,-0.095632,-0.079880,0.076072,0.042222,0.019451,0.044289,-0.063580,0.088608,-0.022120,0.012244,0.100000,-0.100000
0.519997,-0.095313,-0.081475,0.074678,0.042811,0.018546,0.046911,-0.062114,0.087715,-0.023887,0.011487,0.100000,-0.100000
0.524997,-0.095211,-0.086574,0.076428,0.045448,0.019638,0.043515,-0.061776,0.090857,-0.024980,0.011374,0.100000,-0.100000
0.529997,-0.093675,-0.086225,0.076788,0.045947,0.018723,0.043592,-0.061589,0.096839,-0.027710,0.010089,0.100000,-0.100000
0.534997,-0.093415,-0.087425,0.077462,0.047451,0.018545,0.042097,-0.059668,0.098009,-0.027218,0.012028,0.100000,-0.100000
0.539997,-0.092258,-0.087287,0.078008,0.048278,0.019598,0.043198,-0.060949,0.097021,-0.027695,0.011361,0.100000,-0.100000
0.544997,-0.095304,-0.090703,0.077050,0.048959,0.020753,0.042280,-0.057044,0.096655,-0.031734,0.010744,0.100000,-0.100000
0.549996,-0.094446,-0.091802,0.078282,0.047644,0.020878,0.041342,-0.057306,0.099486,-0.034927,0.011764,0.100000,-0.100000
0.554996,-0.091377,-0.095560,0.076722,0.047583,0.018482,0.041004,-0.057244,0.102965,-0.033256,0.012105,0.100000,-0.100000
0.559996,-0.090684,-0.099006,0.075168,0.049246,0.016505,0.043889,-0.057618,0.103610,-0.034128,0.011180,0.100000,-0.100000
0.564996,-0.095319,-0.100936,0.074854,0.050618,0.016588,0.045155,-0.059221,0.104098,-0.034679,0.010332,0.100000,-0.100000
0.569996,-0.094099,-0.100908,0.073536,0.048584,0.017223,0.043031,-0.059469,0.104320,-0.035512,0.011669,0.100000,-0.100000
0.574996,-0.093205,-0.099614,0.070478,0.049644,0.016385,0.042582,-0.057165,0.102912,-0.033989,0.012487,0.100000,-0.100000
0.579996,-0.092304,-0.103149,0.070184,0.048917,0.018835,0.043435,-0.057938,0.104857,-0.036270,0.012664,0.100000,-0.100000
0.584996,-0.095341,-0.104557,0.071502,0.049191,0.019901,0.044489,-0.057582,0.104157,-0.036572,0.011818,0.100000,-0.100000
0.589996,-0.093393,-0.104936,0.073067,0.047159,0.018243,0.044342,-0.057981,0.107899,-0.033713,0.013507,0.100000,-0.100000
0.594996,-0.093865,-0.106975,0.071139,0.048337,0.019379,0.046559,-0.059827,0.112951,-0.036595,0.012064,0.100000,-0.100000
0.599996,-0.095871,-0.108370,0.069820,0.049078,0.020987,0.046174,-0.056021,0.114896,-0.035542,0.012346,0.100000,-0.100000
0.604996,-0.094853,-0.111247,0.068221,0.050393,0.017456,0.049465,-0.056858,0.116005,-0.036350,0.016532,0.100000,-0.100000
0.609996,-0.093902,-0.110427,0.067413,0.049873,0.019555,0.049932,-0.058881,0.117411,-0.036508,0.015497,0.100000,-0.100000
0.614996,-0.091997,-0.111590,0.066998,0.052444,0.020562,0.049563,-0.061195,0.117789,-0.034221,0.013157,0.100000,-0.100000
0.619996,-0.092167,-0.112649,0.066576,0.055533,0.018199,0.052343,-0.060686,0.119449,-0.033857,0.013365,0.100000,-0.100000
0.624996,-0.092742,-0.116086,0.068260,0.052219,0.016296,0.050984,-0.062908,0.115646,-0.031843,0.014532,0.100000,-0.100000
0.629995,-0.090091,-0.116668,0.069230,0.053263,0.015914,0.049120,-0.065531,0.116776,-0.031261,0.015682,0.100000,-0.100000
0.634995,-0.088296,-0.116609,0.070388,0.051712,0.012634,0.048747,-0.066509,0.120891,-0.030068,0.017175,0.100000,-0.100000
0.639995,-0.089342,-0.116828,0.069810,0.051223,0.014018,0.051418,-0.064997,0.118153,-0.030568,0.018969,0.100000,-0.100000
0.644995,-0.088921,-0.119283,0.069866,0.049401,0.015616,0.054061,-0.064301,0.120228,-0.030570,0.019536,0.100000,-0.100000
0.649995,-0.089761,-0.122880,0.069498,0.047581,0.015746,0.054925,-0.065154,0.119432,-0.032511,0.020412,0.100000,-0.100000
0.654995,-0.091528,-0.125787,0.069941,0.047139,0.016221,0.054084,-0.064297,0.123515,-0.030628,0.022439,0.100000,-0.100000
0.659995,-0.090414,-0.127802,0.069120,0.047676,0.013951,0.054046,-0.064580,0.124097,-0.032920,0.022615,0.100000,-0.100000
0.664995,-0.088507,-0.126410,0.068807,0.047945,0.013258,0.049613,-0.065741,0.125542,-0.033890,0.020947,0.100000,-0.100000
0.669995,-0.087297,-0.128745,0.066889,0.047808,0.014186,0.049125,-0.067758,0.126809,-0.035103,0.019813,0.100000,-0.100000
0.674995,-0.089193,-0.129579,0.063783,0.047972,0.014435,0.048877,-0.067466,0.125619,-0.036163,0.021075,0.100000,-0.100000
0.679995,-0.090362,-0.130894,0.064668,0.046688,0.015140,0.051296,-0.067071,0.125112,-0.035933,0.020952,0.100000,-0.100000
0.684995,-0.089773,-0.129799,0.062446,0.047389,0.012918,0.050483,-0.065219,0.128254,-0.036068,0.020267,0.100000,-0.100000
0.689995,-0.088726,-0.128728,0.062434,0.046257,0.012881,0.050004,-0.066572,0.128889,-0.033320,0.020138,0.100000,-0.100000
0.694995,-0.090064,-0.132626,0.061349,0.046587,0.011887,0.050012,-0.067233,0.132148,-0.034595,0.023372,0.100000,-0.100000
0.699995,-0.088790,-0.134876,0.059668,0.048889,0.012002,0.052542,-0.069963,0.131735,-0.033495,0.024842,0.100000,-0.100000
0.704994,-0.086832,-0.135204,0.061950,0.048720,0.011538,0.051413,-0.072020,0.134985,-0.032256,0.022200,0.100000,-0.100000
0.709994,-0.085258,-0.136254,0.061379,0.047457,0.014642,0.049894,-0.073013,0.134407,-0.033033,0.021010,0.100000,-0.100000
0.714994,-0.084309,-0.135834,0.062822,0.046375,0.014076,0.048263,-0.073513,0.136119,-0.030992,0.021351,0.100000,-0.100000
0.719994,-0.084067,-0.139435,0.063214,0.047508,0.014910,0.046245,-0.072348,0.139091,-0.032383,0.018906,0.100000,-0.100000
0.724994,-0.082644,-0.142475,0.062268,0.050135,0.014631,0.043219,-0.071262,0.139939,-0.032527,0.018550,0.100000,-0.100000
0.729994,-0.081437,-0.143950,0.064478,0.050617,0.013214,0.042882,-0.069066,0.140668,-0.034017,0.017060,0.100000,-0.100000
0.734994,-0.084229,-0.147128,0.062004,0.048479,0.014716,0.043466,-0.069267,0.141641,-0.032104,0.018647,0.100000,-0.100000
0.739994,-0.084489,-0.149930,0.062779,0.049102,0.015864,0.044299,-0.069424,0.141394,-0.034424,0.019265,0.100000,-0.100000
0.744994,-0.086722,-0.151985,0.059843,0.046974,0.015814,0.044771,-0.067010,0.142693,-0.033836,0.019818,0.100000,-0.100000
0.749994,-0.085646,-0.151960,0.058914,0.047457,0.016286,0.045368,-0.066635,0.143418,-0.033629,0.019662,0.100000,-0.100000
0.754994,-0.088562,-0.152827,0.059014,0.047010,0.016895,0.046047,-0.069039,0.140684,-0.034756,0.020196,0.100000,-0.100000
0.759994,-0.090813,-0.153291,0.059007,0.046437,0.018927,0.047869,-0.071797,0.141220,-0.035162,0.019722,0.100000,-0.100000
0.764994,-0.091703,-0.153070,0.060840,0.046087,0.020104,0.045874,-0.075081,0.144044,-0.032707,0.020814,0.100000,-0.100000
0.769994,-0.094282,-0.154423,0.063351,0.049051,0.022239,0.046584,-0.077373,0.143790,-0.031563,0.020660,0.100000,-0.100000
0.774994,-0.093757,-0.157739,0.064787,0.045777,0.023654,0.048230,-0.079890,0.142761,-0.032848,0.021047,0.100000,-0.100000
0.779994,-0.092752,-0.157936,0.063850,0.045177,0.023219,0.051014,-0.079625,0.141394,-0.031663,0.022306,0.100000,-0.100000
0.784993,-0.098189,-0.158402,0.065848,0.046477,0.022275,0.050646,-0.076998,0.142444,-0.030520,0.021720,0.100000,-0.100000
0.789993,-0.099390,-0.157838,0.067450,0.045719,0.019306,0.049692,-0.075348,0.140541,-0.027398,0.018868,0.100000,-0.100000
0.794993,-0.099785,-0.158614,0.067670,0.045627,0.022899,0.050137,-0.075057,0.138283,-0.025351,0.017907,0.100000,-0.100000
0.799993,-0.101341,-0.159651,0.068056,0.043725,0.023958,0.048491,-0.073976,0.137795,-0.025357,0.019769,0.100000,-0.100000
0.804993,-0.103133,-0.165990,0.069454,0.043634,0.025008,0.046675,-0.075771,0.141323,-0.024597,0.020351,0.100000,-0.100000
0.809993,-0.101651,-0.167875,0.070948,0.042698,0.023237,0.045906,-0.077106,0.140703,-0.022646,0.020409,0.100000,-0.100000
0.814993,-0.103516,-0.170181,0.071804,0.043769,0.022719,0.045219,-0.079787,0.143162,-0.022327,0.017438,0.100000,-0.100000
0.819993,-0.100883,-0.171469,0.071951,0.043248,0.024102,0.044649,-0.078989,0.145537,-0.020139,0.018842,0.100000,-0.100000
0.824993,-0.097962,-0.175479,0.074375,0.043825,0.024446,0.043725,-0.077708,0.145795,-0.018440,0.020536,0.100000,-0.100000
0.829993,-0.097816,-0.176703,0.073356,0.042737,0.023874,0.041319,-0.078637,0.145007,-0.019027,0.020609,0.100000,-0.100000
0.834993,-0.096396,-0.176589,0.075125,0.039635,0.024226,0.042300,-0.075467,0.142914,-0.019340,0.022774,0.100000,-0.100000
0.839993,-0.096390,-0.179565,0.074956,0.037691,0.022172,0.042687,-0.075013,0.142411,-0.018508,0.023874,0.100000,-0.100000
0.844993,-0.096075,-0.182349,0.077807,0.039414,0.021921,0.043426,-0.076257,0.144038,-0.017928,0.024284,0.100000,-0.100000
0.849993,-0.094592,-0.182826,0.079238,0.038988,0.019497,0.044564,-0.076800,0.144908,-0.016771,0.027736,0.100000,-0.100000
0.854993,-0.095258,-0.183411,0.077403,0.037740,0.019288,0.045350,-0.080300,0.147259,-0.016047,0.028135,0.100000,-0.100000
0.859993,-0.094553,-0.186283,0.076845,0.037634,0.023406,0.045702,-0.080023,0.146583,-0.017117,0.027243,0.100000,-0.100000
0.864992,-0.093468,-0.185636,0.076367,0.036967,0.022621,0.045278,-0.080094,0.150459,-0.016714,0.027967,0.100000,-0.100000
0.869992,-0.092332,-0.186846,0.076107,0.038262,0.025066,0.046780,-0.079830,0.150807,-0.015107,0.028935,0.100000,-0.100000
0.874992,-0.092872,-0.186398,0.078563,0.036463,0.023265,0.047652,-0.081064,0.154108,-0.012768,0.029095,0.100000,-0.100000
0.879992,-0.092592,-0.188180,0.080827,0.037516,0.022254,0.050784,-0.079532,0.156169,-0.009062,0.029538,0.100000,-0.100000
0.884992,-0.095887,-0.191601,0.079584,0.040536,0.023194,0.049088,-0.081811,0.157559,-0.010940,0.030106,0.100000,-0.100000
0.889992,-0.094836,-0.193856,0.077623,0.039899,0.026800,0.047183,-0.081831,0.156527,-0.010743,0.030162,0.100000,-0.100000
0.894992,-0.097269,-0.195839,0.076993,0.039507,0.027712,0.048628,-0.080738,0.156496,-0.011954,0.031359,0.100000,-0.100000
0.899992,-0.096530,-0.196609,0.076946,0.037885,0.029473,0.047115,-0.082405,0.157986,-0.010910,0.030527,0.100000,-0.100000
0.904992,-0.095969,-0.198300,0.075444,0.040806,0.031221,0.047872,-0.084345,0.156539,-0.010605,0.027898,0.100000,-0.100000
0.909992,-0.095974,-0.200108,0.075601,0.038870,0.029603,0.045162,-0.084795,0.157963,-0.008006,0.028919,0.100000,-0.100000
0.914992,-0.097422,-0.205687,0.076263,0.039584,0.029304,0.047034,-0.082980,0.161140,-0.006367,0.024590,0.100000,-0.100000
0.919992,-0.098809,-0.206643,0.077339,0.038335,0.028637,0.047155,-0.084224,0.159544,-0.005788,0.023357,0.100000,-0.100000
0.924992,-0.098204,-0.209623,0.080993,0.039406,0.028446,0.047522,-0.083882,0.159070,-0.005708,0.026217,0.100000,-0.100000
0.929992,-0.097070,-0.210942,0.080333,0.038334,0.026565,0.045900,-0.085150,0.158503,-0.002721,0.022274,0.100000,-0.100000
0.934992,-0.098370,-0.213120,0.082527,0.039452,0.026677,0.046131,-0.086330,0.160374,-0.003094,0.022234,0.100000,-0.100000
0.939991,-0.099177,-0.215798,0.081805,0.040204,0.026353,0.045970,-0.088031,0.161599,-0.004176,0.023866,0.100000,-0.100000
0.944991,-0.098793,-0.218860,0.080971,0.037816,0.027261,0.044559,-0.086334,0.164097,-0.002918,0.025785,0.100000,-0.100000
0.949991,-0.097556,-0.221791,0.082582,0.039639,0.028838,0.045486,-0.084938,0.166736,-0.003969,0.027540,0.100000,-0.100000
0.954991,-0.098598,-0.224670,0.083602,0.038900,0.031533,0.045138,-0.084659,0.166655,-0.003625,0.026854,0.100000,-0.100000
0.959991,-0.099493,-0.226400,0.083566,0.038191,0.030295,0.045646,-0.083638,0.167545,-0.002478,0.028933,0.100000,-0.100000
0.964991,-0.100963,-0.229433,0.086388,0.037339,0.030072,0.044938,-0.085824,0.169117,-0.002648,0.029476,0.100000,-0.100000
0.969991,-0.099695,-0.234293,0.085933,0.037506,0.029704,0.044277,-0.085707,0.170087,-0.002286,0.033788,0.100000,-0.100000
0.974991,-0.101327,-0.235495,0.084639,0.037305,0.027889,0.042136,-0.086191,0.172109,-0.000961,0.035256,0.100000,-0.100000
0.979991,-0.102203,-0.236029,0.085992,0.037909,0.027399,0.043781,-0.089354,0.172177,0.001511,0.033652,0.100000,-0.100000
0.984991,-0.104596,-0.235980,0.084968,0.037853,0.027012,0.041746,-0.087560,0.171012,0.000750,0.037141,0.100000,-0.100000
0.989991,-0.105305,-0.238487,0.085361,0.038268,0.031077,0.043430,-0.087166,0.172683,0.000683,0.035959,0.100000,-0.100000
0.994991,-0.106478,-0.240757,0.083508,0.039564,0.029474,0.040416,-0.090140,0.172051,0.001740,0.038220,0.100000,-0.100000
0.999991,-0.107627,-0.241584,0.081834,0.037859,0.028043,0.038709,-0.090031,0.171773,0.006147,0.039407,0.100000,-0.100000
1.004991,-0.105881,-0.240963,0.082979,0.037694,0.030083,0.038758,-0.088574,0.172504,0.009072,0.037731,0.100000,-0.100000
